7.118548e+08
5.335397e+08
5.335397e+08
3.689001e+08
3.689001e+08
3.689001e+08
3.689001e+08
3.689001e+08
3.689001e+08
3.689001e+08
2.785416e+08
2.113284e+08
2.113284e+08
1.262933e+08
1.262933e+08
1.218712e+08
1.218712e+08
1.218712e+08
1.218712e+08
1.218712e+08
1.218712e+08
1.218712e+08
1.218712e+08
1.077699e+08
1.077699e+08
1.077699e+08
1.077699e+08
1.077699e+08
1.077699e+08
1.033100e+08
1.033100e+08
9.031520e+07
9.031520e+07
9.031520e+07
9.031520e+07
9.031520e+07
9.031520e+07
9.031520e+07
9.031520e+07
9.031520e+07
9.031520e+07
9.031520e+07
9.031520e+07
9.031520e+07
9.031520e+07
9.031520e+07
9.031520e+07
9.031520e+07
9.031520e+07
9.031520e+07
9.031520e+07
9.031520e+07
9.031520e+07
9.031520e+07
9.031520e+07
8.507413e+07
8.507413e+07
8.507413e+07
8.507413e+07
8.507413e+07
8.507413e+07
8.507413e+07
8.507413e+07
7.668007e+07
7.668007e+07
7.668007e+07
7.668007e+07
7.654936e+07
7.654936e+07
7.654936e+07
7.654936e+07
7.654936e+07
6.919086e+07
6.919086e+07
6.919086e+07
6.919086e+07
6.919086e+07
6.919086e+07
6.919086e+07
6.919086e+07
6.919086e+07
6.919086e+07
6.919086e+07
6.919086e+07
6.919086e+07
6.804878e+07
6.804878e+07
6.804878e+07
6.804878e+07
6.804878e+07
4.905510e+07
4.905510e+07
4.905510e+07
4.905510e+07
4.905510e+07
4.905510e+07
4.905510e+07
4.905510e+07
4.905510e+07
4.905510e+07
4.905510e+07
4.905510e+07
4.905510e+07
4.905510e+07
4.905510e+07
4.905510e+07
4.905510e+07
4.905510e+07
4.905510e+07
4.905510e+07
4.905510e+07
4.905510e+07
4.905510e+07
4.905510e+07
4.905510e+07
4.905510e+07
4.905510e+07
4.905510e+07
4.905510e+07
4.905510e+07
4.905510e+07
4.905510e+07
4.905510e+07
4.905510e+07
4.905510e+07
4.905510e+07
4.905510e+07
4.905510e+07
4.905510e+07
4.607802e+07
4.607802e+07
4.607802e+07
4.397978e+07
4.397978e+07
4.397978e+07
4.397978e+07
4.397978e+07
4.397978e+07
4.397978e+07
4.397978e+07
4.397978e+07
4.397978e+07
4.397978e+07
4.397978e+07
4.397978e+07
4.397978e+07
4.397978e+07
4.397978e+07
4.397978e+07
4.397978e+07
4.397978e+07
4.397978e+07
3.765588e+07
3.765588e+07
3.765588e+07
3.765588e+07
3.765588e+07
3.050074e+07
3.050074e+07
3.050074e+07
3.050074e+07
3.050074e+07
3.050074e+07
3.050074e+07
3.050074e+07
3.050074e+07
2.263007e+07
2.263007e+07
2.263007e+07
2.217371e+07
2.217371e+07
2.217371e+07
2.217371e+07
2.217371e+07
2.217371e+07
2.217371e+07
2.217371e+07
2.217371e+07
2.217371e+07
2.217371e+07
2.217371e+07
2.217371e+07
2.217371e+07
2.217371e+07
2.217371e+07
2.217371e+07
2.217371e+07
2.217371e+07
2.217371e+07
2.217371e+07
2.217371e+07
2.217371e+07
2.217371e+07
2.217371e+07
2.217371e+07
2.217371e+07
2.217371e+07
2.217371e+07
2.217371e+07
2.217371e+07
1.884958e+07
1.884958e+07
1.884958e+07
1.884958e+07
1.884958e+07
1.884958e+07
1.884958e+07
1.884958e+07
1.884958e+07
1.884958e+07
1.884958e+07
1.884958e+07
1.884958e+07
1.884958e+07
1.884958e+07
1.442731e+07
1.442731e+07
1.401008e+07
1.384722e+07
1.384722e+07
1.384722e+07
1.384722e+07
1.384722e+07
1.384722e+07
1.196573e+07
1.196573e+07
1.196573e+07
1.196573e+07
1.196573e+07
1.145256e+07
1.145256e+07
1.145256e+07
1.145256e+07
1.145256e+07
1.145256e+07
1.145256e+07
1.010145e+07
1.010145e+07
1.010145e+07
1.010145e+07
1.010145e+07
1.010145e+07
1.010145e+07
1.010145e+07
1.010145e+07
1.010145e+07
1.010145e+07
1.010145e+07
1.010145e+07
1.010145e+07
1.010145e+07
1.010145e+07
1.010145e+07
1.010145e+07
8.187434e+06
8.187434e+06
7.663235e+06
7.663235e+06
7.663235e+06
6.311578e+06
6.311578e+06
6.311578e+06
6.311578e+06
6.311578e+06
6.311578e+06
6.311578e+06
6.311578e+06
6.311578e+06
6.311578e+06
6.311578e+06
6.311578e+06
6.311578e+06
6.311578e+06
6.311578e+06
6.311578e+06
6.311578e+06
6.198848e+06
6.198848e+06
6.198848e+06
6.198848e+06
6.198848e+06
6.198848e+06
6.198848e+06
6.198848e+06
5.376137e+06
3.329674e+06
3.329674e+06
3.329674e+06
3.329674e+06
3.329674e+06
3.329674e+06
3.329674e+06
3.329674e+06
3.329674e+06
3.329674e+06
3.329674e+06
3.329674e+06
3.329674e+06
3.329674e+06
3.329674e+06
3.329674e+06
3.329674e+06
3.329674e+06
3.329674e+06
3.329674e+06
3.263852e+06
3.263852e+06
3.263852e+06
3.263852e+06
3.263852e+06
3.263852e+06
2.891075e+06
2.891075e+06
2.891075e+06
2.891075e+06
2.891075e+06
2.891075e+06
2.891075e+06
2.891075e+06
2.891075e+06
2.891075e+06
2.891075e+06
2.785854e+06
2.785854e+06
2.224924e+06
2.224924e+06
2.224924e+06
2.224924e+06
2.224924e+06
2.224924e+06
2.224924e+06
2.224924e+06
2.224924e+06
2.224924e+06
2.224924e+06
2.224924e+06
2.224924e+06
2.149405e+06
2.149405e+06
2.149405e+06
2.149405e+06
2.149405e+06
2.149405e+06
2.149405e+06
2.149405e+06
2.149405e+06
2.004589e+06
1.726516e+06
1.726516e+06
1.726516e+06
1.726516e+06
1.726516e+06
1.726516e+06
1.726516e+06
1.726516e+06
1.726516e+06
1.726516e+06
1.726516e+06
1.726516e+06
1.726516e+06
1.726516e+06
1.726516e+06
1.453877e+06
1.453877e+06
1.453877e+06
1.417898e+06
1.417898e+06
1.417898e+06
1.337780e+06
1.336992e+06
1.336992e+06
1.336992e+06
1.336992e+06
1.274286e+06
1.224785e+06
1.224785e+06
1.224785e+06
1.224785e+06
1.224785e+06
1.224785e+06
1.224785e+06
1.224785e+06
1.224785e+06
1.224785e+06
1.224785e+06
1.224785e+06
1.224785e+06
1.224785e+06
1.224785e+06
1.224785e+06
1.224785e+06
1.224785e+06
1.224785e+06
1.224785e+06
1.224785e+06
1.184413e+06
1.184413e+06
9.010158e+05
9.010158e+05
9.010158e+05
9.010158e+05
9.010158e+05
9.010158e+05
9.010158e+05
9.010158e+05
9.010158e+05
9.010158e+05
9.010158e+05
9.010158e+05
9.010158e+05
9.010158e+05
9.010158e+05
9.010158e+05
8.831836e+05
8.831836e+05
8.831836e+05
8.652710e+05
6.481815e+05
6.481815e+05
6.481815e+05
6.481815e+05
6.481815e+05
6.481815e+05
6.481815e+05
6.481815e+05
6.481815e+05
6.481815e+05
6.239474e+05
6.170426e+05
6.170426e+05
5.624610e+05
5.624610e+05
5.624610e+05
5.596631e+05
5.596631e+05
5.596631e+05
5.534988e+05
5.235359e+05
5.235359e+05
5.235359e+05
5.235359e+05
5.235359e+05
4.693177e+05
4.693177e+05
4.693177e+05
4.692335e+05
4.692335e+05
4.692335e+05
4.368425e+05
4.368425e+05
4.235186e+05
4.235186e+05
4.235186e+05
3.963146e+05
3.963146e+05
3.963146e+05
3.923420e+05
3.923420e+05
3.923420e+05
3.826862e+05
3.826862e+05
3.826862e+05
3.818105e+05
3.818105e+05
3.818105e+05
3.528390e+05
3.528390e+05
3.528390e+05
3.528390e+05
3.528390e+05
3.528390e+05
3.528330e+05
3.459372e+05
3.459372e+05
3.459372e+05
3.459372e+05
3.416830e+05
3.237457e+05
3.237457e+05
3.101339e+05
3.101339e+05
3.101339e+05
3.101339e+05
3.101339e+05
3.101339e+05
3.101339e+05
3.101339e+05
3.101339e+05
3.101339e+05
3.033163e+05
2.789052e+05
2.580148e+05
2.580148e+05
2.580148e+05
2.580148e+05
2.580148e+05
2.580148e+05
2.580148e+05
2.580148e+05
2.463453e+05
2.463453e+05
2.463453e+05
2.463453e+05
2.463453e+05
2.463453e+05
2.463453e+05
2.463453e+05
2.463453e+05
2.445840e+05
2.445840e+05
2.445840e+05
2.445840e+05
2.445840e+05
2.445840e+05
2.445840e+05
2.407784e+05
2.407784e+05
2.407784e+05
2.382078e+05
2.382078e+05
2.293335e+05
2.293335e+05
2.281838e+05
2.281838e+05
2.281838e+05
2.281838e+05
2.238324e+05
2.238324e+05
2.238324e+05
2.218746e+05
2.177071e+05
2.177071e+05
2.177071e+05
2.177071e+05
2.177071e+05
2.177071e+05
2.117182e+05
2.117182e+05
2.117182e+05
2.117182e+05
2.117182e+05
2.050352e+05
2.050352e+05
2.050352e+05
2.050352e+05
2.050352e+05
2.050352e+05
2.050352e+05
2.050352e+05
2.036628e+05
2.036628e+05
1.982738e+05
1.982738e+05
1.982738e+05
1.982738e+05
1.955521e+05
1.955521e+05
1.933905e+05
1.900595e+05
1.851858e+05
1.844963e+05
1.844963e+05
1.844963e+05
1.844963e+05
1.844963e+05
1.844963e+05
1.800808e+05
1.800808e+05
1.780172e+05
1.780172e+05
1.780172e+05
1.779742e+05
1.779742e+05
1.779742e+05
1.778063e+05
1.771476e+05
1.771476e+05
1.765802e+05
1.765802e+05
1.765802e+05
1.765802e+05
1.765802e+05
1.716752e+05
1.716752e+05
1.716752e+05
1.716752e+05
1.716752e+05
1.716752e+05
1.716752e+05
1.716752e+05
1.716752e+05
1.716752e+05
1.716752e+05
1.716752e+05
1.716752e+05
1.716752e+05
1.692650e+05
1.692650e+05
1.692650e+05
1.688637e+05
1.688637e+05
1.688637e+05
1.680157e+05
1.669248e+05
1.669248e+05
1.669248e+05
1.669248e+05
1.669248e+05
1.669248e+05
1.669248e+05
1.661976e+05
1.661976e+05
1.661976e+05
1.661976e+05
1.661976e+05
1.648551e+05
1.624375e+05
1.624375e+05
1.624375e+05
1.624375e+05
1.620704e+05
1.620704e+05
1.620704e+05
1.610794e+05
1.610794e+05
1.610794e+05
1.610794e+05
1.610794e+05
1.610794e+05
1.610794e+05
1.610794e+05
1.572074e+05
1.572074e+05
1.557429e+05
1.557429e+05
1.557429e+05
1.557429e+05
1.557429e+05
1.557429e+05
1.557429e+05
1.557429e+05
1.557429e+05
1.557429e+05
1.557429e+05
1.557429e+05
1.557429e+05
1.557429e+05
1.550597e+05
1.550597e+05
1.550597e+05
1.519211e+05
1.519211e+05
1.519211e+05
1.499563e+05
1.499563e+05
1.499563e+05
1.489478e+05
1.482507e+05
1.477412e+05
1.463720e+05
1.416711e+05
1.416711e+05
1.416711e+05
1.416711e+05
1.416711e+05
1.416711e+05
1.416711e+05
1.416711e+05
1.416711e+05
1.416711e+05
1.416711e+05
1.414568e+05
1.414568e+05
1.414568e+05
1.414568e+05
1.414568e+05
1.414568e+05
1.372204e+05
1.372204e+05
1.372204e+05
1.372204e+05
1.368389e+05
1.327029e+05
1.327029e+05
1.327029e+05
1.324502e+05
1.324502e+05
1.303296e+05
1.303296e+05
1.303296e+05
1.303296e+05
1.303296e+05
1.303296e+05
1.303296e+05
1.303296e+05
1.303296e+05
1.298488e+05
1.281251e+05
1.254744e+05
1.254744e+05
1.254744e+05
1.254744e+05
1.239700e+05
1.239700e+05
1.235751e+05
1.235751e+05
1.235751e+05
1.235751e+05
1.234049e+05
1.199446e+05
1.199446e+05
1.199446e+05
1.193924e+05
1.193924e+05
1.184241e+05
1.184241e+05
1.174877e+05
1.158242e+05
1.156625e+05
1.156625e+05
1.153141e+05
1.153141e+05
1.153141e+05
1.153141e+05
1.153141e+05
1.153141e+05
1.138444e+05
1.138444e+05
1.138444e+05
1.138444e+05
1.131360e+05
1.131360e+05
1.131360e+05
1.123931e+05
1.123931e+05
1.123931e+05
1.123931e+05
1.123931e+05
1.123931e+05
1.123931e+05
1.123931e+05
1.123931e+05
1.123931e+05
1.123931e+05
1.123931e+05
1.113338e+05
1.113338e+05
1.111945e+05
1.096711e+05
1.096711e+05
1.096711e+05
1.096711e+05
1.096711e+05
1.095060e+05
1.095060e+05
1.089722e+05
1.082271e+05
1.068559e+05
1.068559e+05
1.068559e+05
1.068559e+05
1.068559e+05
1.068559e+05
1.068559e+05
1.068559e+05
1.068559e+05
1.068559e+05
1.068559e+05
1.068559e+05
1.067194e+05
1.067194e+05
1.064654e+05
1.064654e+05
1.064654e+05
1.064654e+05
1.061438e+05
1.061327e+05
1.061327e+05
1.053816e+05
1.053816e+05
1.053816e+05
1.046960e+05
1.046960e+05
1.046960e+05
1.041914e+05
1.041914e+05
1.040193e+05
1.040193e+05
1.032018e+05
1.032018e+05
1.032018e+05
1.032018e+05
1.032018e+05
1.032018e+05
1.032018e+05
1.032018e+05
1.015319e+05
1.015319e+05
1.015319e+05
1.015319e+05
1.015319e+05
1.013975e+05
1.013975e+05
1.005586e+05
1.005586e+05
1.005586e+05
1.005586e+05
9.994558e+04
9.994558e+04
9.994558e+04
9.994558e+04
9.994558e+04
9.994558e+04
9.959576e+04
9.959576e+04
9.959576e+04
9.959576e+04
9.860328e+04
9.860328e+04
9.860328e+04
9.860328e+04
9.860328e+04
9.860328e+04
9.860328e+04
9.860328e+04
9.860328e+04
9.860328e+04
9.860328e+04
9.860328e+04
9.860328e+04
9.860328e+04
9.860328e+04
9.860328e+04
9.860321e+04
9.860321e+04
9.860321e+04
9.860321e+04
9.768696e+04
9.768696e+04
9.768696e+04
9.768696e+04
9.768696e+04
9.768696e+04
9.763902e+04
9.763902e+04
9.763902e+04
9.763902e+04
9.596556e+04
9.596556e+04
9.596556e+04
9.534592e+04
9.534592e+04
9.401059e+04
9.401059e+04
9.401059e+04
9.401059e+04
9.401059e+04
9.314593e+04
9.298474e+04
9.298474e+04
9.298474e+04
9.221378e+04
9.178625e+04
9.178625e+04
9.119483e+04
9.119483e+04
9.119483e+04
9.119483e+04
9.044236e+04
9.044236e+04
9.044236e+04
9.044236e+04
9.044236e+04
9.023392e+04
9.001947e+04
9.001947e+04
9.001947e+04
8.978847e+04
8.978847e+04
8.978847e+04
8.978847e+04
8.978847e+04
8.978847e+04
8.954645e+04
8.954645e+04
8.954645e+04
8.949600e+04
8.949600e+04
8.949600e+04
8.932920e+04
8.932920e+04
8.932920e+04
8.932920e+04
8.932920e+04
8.917594e+04
8.900912e+04
8.900912e+04
8.900912e+04
8.888865e+04
8.814272e+04
8.814272e+04
8.791056e+04
8.791056e+04
8.758389e+04
8.758389e+04
8.757526e+04
8.757526e+04
8.700957e+04
8.700957e+04
8.700957e+04
8.700957e+04
8.700957e+04
8.700957e+04
8.686004e+04
8.683706e+04
8.683706e+04
8.683706e+04
8.683706e+04
8.683706e+04
8.683706e+04
8.683706e+04
8.683706e+04
8.683706e+04
8.683706e+04
8.683706e+04
8.677826e+04
8.677826e+04
8.677826e+04
8.677826e+04
8.665698e+04
8.665698e+04
8.603185e+04
8.603185e+04
8.587261e+04
8.587261e+04
8.587261e+04
8.587261e+04
8.587261e+04
8.584760e+04
8.584760e+04
8.584760e+04
8.577654e+04
8.577654e+04
8.565414e+04
8.519186e+04
8.516996e+04
8.421582e+04
8.421582e+04
8.421582e+04
8.401961e+04
8.401961e+04
8.367623e+04
8.367623e+04
8.367623e+04
8.367623e+04
8.367623e+04
8.366630e+04
8.325188e+04
8.325188e+04
8.325188e+04
8.325188e+04
8.325188e+04
8.296655e+04
8.296655e+04
8.281210e+04
8.281210e+04
8.281210e+04
8.281210e+04
8.222770e+04
8.222770e+04
8.222755e+04
8.222755e+04
8.155085e+04
8.141258e+04
8.141258e+04
8.141258e+04
8.141258e+04
8.141258e+04
8.141258e+04
8.074505e+04
8.064174e+04
8.064174e+04
8.064174e+04
8.036054e+04
8.032295e+04
8.032295e+04
7.965705e+04
7.965705e+04
7.965705e+04
7.965705e+04
7.965705e+04
7.965705e+04
7.965705e+04
7.930498e+04
7.833814e+04
7.833814e+04
7.833814e+04
7.833814e+04
7.833814e+04
7.833814e+04
7.833814e+04
7.833290e+04
7.833290e+04
7.833290e+04
7.833290e+04
7.833290e+04
7.833290e+04
7.833290e+04
7.782958e+04
7.782958e+04
7.782958e+04
7.781980e+04
7.781980e+04
7.735342e+04
7.606160e+04
7.606160e+04
7.606160e+04
7.528644e+04
7.521329e+04
7.521329e+04
7.521329e+04
7.515620e+04
7.492136e+04
7.492136e+04
7.492136e+04
7.492136e+04
7.453934e+04
7.419354e+04
7.388935e+04
7.388935e+04
7.388935e+04
7.388935e+04
7.388935e+04
7.370667e+04
7.370667e+04
7.320212e+04
7.277267e+04
7.277267e+04
7.277267e+04
7.277267e+04
7.128915e+04
7.128915e+04
7.128915e+04
7.071493e+04
7.071493e+04
7.071493e+04
7.071493e+04
6.793318e+04
6.780261e+04
6.780261e+04
6.691894e+04
6.691894e+04
6.691894e+04
6.689450e+04
6.689450e+04
6.689450e+04
6.689450e+04
6.685811e+04
6.685811e+04
6.600149e+04
6.600149e+04
6.600149e+04
6.600149e+04
6.600149e+04
6.600149e+04
6.600149e+04
6.600149e+04
6.567880e+04
6.567880e+04
6.462662e+04
6.462662e+04
6.462662e+04
6.337022e+04
6.337022e+04
6.337022e+04
6.297990e+04
6.297990e+04
6.297990e+04
6.297990e+04
6.297990e+04
6.027227e+04
6.027227e+04
6.027227e+04
6.027227e+04
6.027227e+04
6.027227e+04
6.027227e+04
6.027227e+04
6.027227e+04
5.946915e+04
5.946915e+04
5.946915e+04
5.946915e+04
5.946915e+04
5.776789e+04
5.776789e+04
5.776789e+04
5.776789e+04
5.760603e+04
5.760603e+04
5.760603e+04
5.760603e+04
5.760603e+04
5.760603e+04
5.760603e+04
5.760603e+04
5.760603e+04
5.711700e+04
5.711700e+04
5.711700e+04
5.711700e+04
5.648783e+04
5.648783e+04
5.644914e+04
5.644914e+04
5.644914e+04
5.623485e+04
5.623485e+04
5.623485e+04
5.623485e+04
5.621879e+04
5.573582e+04
5.573582e+04
5.573582e+04
5.573582e+04
5.573582e+04
5.573582e+04
5.573582e+04
5.490623e+04
5.490623e+04
5.490623e+04
5.490623e+04
5.490623e+04
5.490623e+04
5.490623e+04
5.490623e+04
5.490623e+04
5.490623e+04
5.438042e+04
5.438042e+04
5.413584e+04
5.413584e+04
5.413584e+04
5.404614e+04
5.404614e+04
5.404614e+04
5.402762e+04
5.375740e+04
5.277223e+04
5.276455e+04
5.258813e+04
5.258813e+04
5.258813e+04
5.258813e+04
5.258813e+04
5.258813e+04
5.258813e+04
5.258813e+04
5.258813e+04
5.242726e+04
5.238646e+04
5.238646e+04
5.238646e+04
5.238646e+04
5.198398e+04
5.068005e+04
5.051707e+04
5.017731e+04
5.017731e+04
4.963997e+04
4.918397e+04
4.918397e+04
4.918397e+04
4.858156e+04
4.858156e+04
4.858156e+04
4.858156e+04
4.858156e+04
4.845964e+04
4.845964e+04
4.766660e+04
4.766660e+04
4.659767e+04
4.659767e+04
4.659767e+04
4.659767e+04
4.627357e+04
4.626456e+04
4.626456e+04
4.516900e+04
4.482803e+04
4.482803e+04
4.482803e+04
4.482803e+04
4.460458e+04
4.460458e+04
4.457363e+04
4.457363e+04
4.439815e+04
4.439815e+04
4.324355e+04
4.314122e+04
4.314122e+04
4.314122e+04
4.314122e+04
4.314122e+04
4.314122e+04
4.314122e+04
4.314122e+04
4.314122e+04
4.314122e+04
4.314122e+04
4.314122e+04
4.314122e+04
4.314122e+04
4.314122e+04
4.314122e+04
4.304911e+04
4.304911e+04
4.304911e+04
4.304911e+04
4.304911e+04
4.304911e+04
4.304911e+04
4.304911e+04
4.304911e+04
4.304911e+04
4.282920e+04
4.282920e+04
4.245316e+04
4.245316e+04
4.245316e+04
4.245316e+04
4.245316e+04
4.245316e+04
4.236524e+04
4.228738e+04
4.228738e+04
4.217131e+04
4.217131e+04
4.217131e+04
4.217131e+04
4.178295e+04
4.178295e+04
4.178295e+04
4.178295e+04
4.153714e+04
4.116143e+04
4.040106e+04
4.033342e+04
4.033342e+04
4.033342e+04
4.033342e+04
4.033342e+04
3.989163e+04
3.989163e+04
3.989163e+04
3.989163e+04
3.989163e+04
3.989163e+04
3.989163e+04
3.989163e+04
3.989163e+04
3.989163e+04
3.938632e+04
3.938632e+04
3.938632e+04
3.938632e+04
3.938632e+04
3.938632e+04
3.922213e+04
3.922213e+04
3.922213e+04
3.908179e+04
3.823771e+04
3.823771e+04
3.823771e+04
3.823771e+04
3.823771e+04
3.823771e+04
3.823771e+04
3.823771e+04
3.823771e+04
3.823771e+04
3.795338e+04
3.795338e+04
3.766794e+04
3.766794e+04
3.766794e+04
3.766794e+04
3.746830e+04
3.746830e+04
3.746830e+04
3.746830e+04
3.746830e+04
3.746830e+04
3.746830e+04
3.746830e+04
3.746830e+04
3.716819e+04
3.716819e+04
3.699047e+04
3.699047e+04
3.699047e+04
3.699047e+04
3.699047e+04
3.699047e+04
3.699047e+04
3.697418e+04
3.697418e+04
3.697418e+04
3.697418e+04
3.656624e+04
3.656624e+04
3.651041e+04
3.651041e+04
3.604338e+04
3.604338e+04
3.595210e+04
3.595210e+04
3.595210e+04
3.595210e+04
3.595210e+04
3.595210e+04
3.573525e+04
3.573525e+04
3.573525e+04
3.573525e+04
3.573525e+04
3.553595e+04
3.553595e+04
3.553595e+04
3.553595e+04
3.553595e+04
3.543491e+04
3.536046e+04
3.536046e+04
3.534699e+04
3.534699e+04
3.460626e+04
3.460626e+04
3.460626e+04
3.460626e+04
3.460626e+04
3.460626e+04
3.422397e+04
3.422397e+04
3.422397e+04
3.422397e+04
3.422397e+04
3.413667e+04
3.413667e+04
3.413667e+04
3.413667e+04
3.413667e+04
3.413667e+04
3.398936e+04
3.398936e+04
3.395338e+04
3.395338e+04
3.395338e+04
3.395338e+04
3.395338e+04
3.393175e+04
3.371690e+04
3.371690e+04
3.356103e+04
3.356103e+04
3.356103e+04
3.356103e+04
3.356039e+04
3.353211e+04
3.353211e+04
3.339221e+04
3.339221e+04
3.305343e+04
3.305343e+04
3.289848e+04
3.285721e+04
3.285721e+04
3.270416e+04
3.270416e+04
3.270416e+04
3.255545e+04
3.255545e+04
3.255545e+04
3.255545e+04
3.255545e+04
3.225728e+04
3.211947e+04
3.211947e+04
3.207194e+04
3.205372e+04
3.134656e+04
3.115528e+04
3.115528e+04
3.115528e+04
3.115528e+04
3.115528e+04
3.081834e+04
3.081834e+04
3.081834e+04
3.081834e+04
3.081834e+04
3.081834e+04
3.081834e+04
3.081834e+04
3.081834e+04
3.075184e+04
3.062734e+04
3.058609e+04
3.058609e+04
3.058609e+04
3.058609e+04
3.050181e+04
3.050181e+04
3.050181e+04
3.050181e+04
3.047625e+04
3.018938e+04
3.018938e+04
3.018938e+04
2.982546e+04
2.982546e+04
2.982546e+04
2.980053e+04
2.980053e+04
2.980053e+04
2.975944e+04
2.975944e+04
2.975944e+04
2.975944e+04
2.975944e+04
2.975944e+04
2.975944e+04
2.947662e+04
2.947662e+04
2.947662e+04
2.946828e+04
2.929974e+04
2.929974e+04
2.929974e+04
2.929974e+04
2.927158e+04
2.927158e+04
2.927158e+04
2.927158e+04
2.925030e+04
2.920058e+04
2.920058e+04
2.920058e+04
2.920058e+04
2.919802e+04
2.919802e+04
2.919802e+04
2.919802e+04
2.917989e+04
2.900509e+04
2.900509e+04
2.900509e+04
2.900509e+04
2.873950e+04
2.873950e+04
2.873950e+04
2.873950e+04
2.873950e+04
2.873950e+04
2.873950e+04
2.873950e+04
2.873950e+04
2.873950e+04
2.873950e+04
2.873950e+04
2.873950e+04
2.873950e+04
2.873950e+04
2.873950e+04
2.873950e+04
2.873950e+04
2.873950e+04
2.873950e+04
2.873950e+04
2.873950e+04
2.873950e+04
2.873950e+04
2.873950e+04
2.862334e+04
2.862334e+04
2.862334e+04
2.862334e+04
2.862334e+04
2.862334e+04
2.862334e+04
2.862334e+04
2.840203e+04
2.814943e+04
2.814943e+04
2.801743e+04
2.801743e+04
2.801743e+04
2.801743e+04
2.795373e+04
2.794128e+04
2.794128e+04
2.793066e+04
2.793066e+04
2.793066e+04
2.793066e+04
2.790890e+04
2.790890e+04
2.790890e+04
2.790890e+04
2.790890e+04
2.790890e+04
2.790890e+04
2.785062e+04
2.785062e+04
2.785062e+04
2.784744e+04
2.784744e+04
2.784744e+04
2.783743e+04
2.778017e+04
2.778017e+04
2.778017e+04
2.778017e+04
2.778017e+04
2.778017e+04
2.776688e+04
2.776353e+04
2.776353e+04
2.774549e+04
2.774549e+04
2.774549e+04
2.774527e+04
2.774527e+04
2.774527e+04
2.774527e+04
2.774527e+04
2.774527e+04
2.774527e+04
2.774527e+04
2.774527e+04
2.774527e+04
2.773714e+04
2.773714e+04
2.773714e+04
2.771617e+04
2.771617e+04
2.771617e+04
2.771617e+04
2.771617e+04
2.771617e+04
2.771617e+04
2.771617e+04
2.771378e+04
2.771378e+04
2.771378e+04
2.770730e+04
2.770730e+04
2.770370e+04
2.768963e+04
2.768963e+04
2.768677e+04
2.768469e+04
2.768469e+04
2.768469e+04
2.768469e+04
2.768469e+04
2.768469e+04
2.768469e+04
2.768469e+04
2.768469e+04
2.768469e+04
2.768469e+04
2.768455e+04
2.768455e+04
2.768154e+04
2.768154e+04
2.767395e+04
2.766735e+04
2.766735e+04
2.766735e+04
2.766735e+04
2.766735e+04
2.765455e+04
2.764506e+04
2.764506e+04
2.764506e+04
2.764506e+04
2.764306e+04
2.764306e+04
2.763568e+04
2.763568e+04
2.763568e+04
2.761801e+04
2.761801e+04
2.761801e+04
2.761271e+04
2.754552e+04
2.754552e+04
2.754552e+04
2.754552e+04
2.754552e+04
2.754552e+04
2.754552e+04
2.754552e+04
2.754552e+04
2.754552e+04
2.754552e+04
2.754552e+04
2.754552e+04
2.754552e+04
2.754552e+04
2.754552e+04
2.754552e+04
2.754552e+04
2.754552e+04
2.754552e+04
2.754552e+04
2.754552e+04
2.754552e+04
2.754552e+04
2.754552e+04
2.754552e+04
2.754552e+04
2.754552e+04
2.754552e+04
2.754053e+04
2.752599e+04
2.752599e+04
2.752599e+04
2.752599e+04
2.752599e+04
2.752599e+04
2.752599e+04
2.752599e+04
2.752599e+04
2.752599e+04
2.752360e+04
2.752360e+04
2.752360e+04
2.752360e+04
2.752360e+04
2.752360e+04
2.752360e+04
2.752360e+04
2.751613e+04
2.751613e+04
2.751469e+04
2.751469e+04
2.751430e+04
2.751430e+04
2.751012e+04
2.751012e+04
2.751012e+04
2.751012e+04
2.751012e+04
2.751012e+04
2.751012e+04
2.751012e+04
2.750369e+04
2.750369e+04
2.750369e+04
2.750369e+04
2.750369e+04
2.750369e+04
2.750369e+04
2.750369e+04
2.750369e+04
2.749636e+04
2.749636e+04
2.749636e+04
2.749636e+04
2.749636e+04
2.749636e+04
2.749636e+04
2.749571e+04
2.749571e+04
2.749571e+04
2.749058e+04
2.749058e+04
2.749058e+04
2.749058e+04
2.749058e+04
2.749058e+04
2.749000e+04
2.748984e+04
2.748984e+04
2.748984e+04
2.748513e+04
2.748513e+04
2.748513e+04
2.748380e+04
2.748380e+04
2.748019e+04
2.747930e+04
2.747930e+04
2.747930e+04
2.747763e+04
2.747721e+04
2.747055e+04
2.747055e+04
2.743635e+04
2.743635e+04
2.743635e+04
2.743452e+04
2.743452e+04
2.743452e+04
2.743452e+04
2.742360e+04
2.741102e+04
2.740319e+04
2.740319e+04
2.740319e+04
2.740319e+04
2.739949e+04
2.737560e+04
2.737560e+04
2.737501e+04
2.737501e+04
2.736162e+04
2.736162e+04
2.736162e+04
2.736162e+04
2.736162e+04
2.732454e+04
2.731982e+04
2.731982e+04
2.730345e+04
2.730345e+04
2.730345e+04
2.730345e+04
2.730345e+04
2.730345e+04
2.730345e+04
2.730345e+04
2.729884e+04
2.727754e+04
2.727754e+04
2.727754e+04
2.727754e+04
2.727754e+04
2.727754e+04
2.727754e+04
2.727754e+04
2.727754e+04
2.727754e+04
2.727754e+04
2.727143e+04
2.727143e+04
2.725737e+04
2.725549e+04
2.725549e+04
2.725549e+04
2.725549e+04
2.725549e+04
2.725549e+04
2.725549e+04
2.725549e+04
2.725549e+04
2.725549e+04
2.725549e+04
2.724217e+04
2.724217e+04
2.723959e+04
2.721620e+04
2.721620e+04
2.721620e+04
2.721548e+04
2.721548e+04
2.721548e+04
2.721548e+04
2.721548e+04
2.721548e+04
2.721548e+04
2.721548e+04
2.719711e+04
2.717737e+04
2.717737e+04
2.717737e+04
2.717737e+04
2.717737e+04
2.716290e+04
2.716290e+04
2.716290e+04
2.710789e+04
2.709929e+04
2.709929e+04
2.707663e+04
2.702758e+04
2.702758e+04
2.702758e+04
2.699412e+04
2.699412e+04
2.696800e+04
2.696800e+04
2.694398e+04
2.694398e+04
2.694398e+04
2.694398e+04
2.694398e+04
2.690572e+04
2.688345e+04
2.684441e+04
2.684441e+04
2.684441e+04
2.684301e+04
2.684301e+04
2.684301e+04
2.682863e+04
2.682863e+04
2.682863e+04
2.682243e+04
2.682243e+04
2.682243e+04
2.682243e+04
2.681675e+04
2.681675e+04
2.681675e+04
2.681675e+04
2.681675e+04
2.681675e+04
2.681675e+04
2.681675e+04
2.681675e+04
2.681675e+04
2.681675e+04
2.681572e+04
2.681398e+04
2.681398e+04
2.681398e+04
2.681398e+04
2.681398e+04
2.681398e+04
2.681398e+04
2.680140e+04
2.680140e+04
2.679860e+04
2.679860e+04
2.679860e+04
2.679860e+04
2.679860e+04
2.679860e+04
2.679860e+04
2.678845e+04
2.678845e+04
2.678845e+04
2.678845e+04
2.678815e+04
2.678766e+04
2.678766e+04
2.678766e+04
2.678766e+04
2.678766e+04
2.678766e+04
2.678766e+04
2.678210e+04
2.678210e+04
2.678210e+04
2.678210e+04
2.676618e+04
2.676618e+04
2.676477e+04
2.676170e+04
2.675459e+04
2.675132e+04
2.673458e+04
2.672598e+04
2.672598e+04
2.672598e+04
2.670409e+04
2.666786e+04
2.666786e+04
2.666786e+04
2.666786e+04
2.666105e+04
2.666104e+04
2.666104e+04
2.666104e+04
2.666104e+04
2.666104e+04
2.666104e+04
2.665189e+04
2.663266e+04
2.663266e+04
2.656520e+04
2.656520e+04
2.653791e+04
2.653655e+04
2.653655e+04
2.653655e+04
2.653655e+04
2.646784e+04
2.646784e+04
2.646784e+04
2.646784e+04
2.646784e+04
2.643434e+04
2.636668e+04
2.633039e+04
2.633039e+04
2.633039e+04
2.633039e+04
2.633039e+04
2.632636e+04
2.632246e+04
2.632246e+04
2.629396e+04
2.629396e+04
2.629396e+04
2.628439e+04
2.628439e+04
2.628159e+04
2.628159e+04
2.628159e+04
2.628159e+04
2.628159e+04
2.622566e+04
2.621242e+04
2.618234e+04
2.618234e+04
2.613741e+04
2.611618e+04
2.611618e+04
2.597337e+04
2.597337e+04
2.595143e+04
2.581720e+04
2.572422e+04
2.571618e+04
2.571618e+04
2.553445e+04
2.543613e+04
2.520546e+04
2.520546e+04
2.520546e+04
2.520546e+04
2.520546e+04
2.520546e+04
2.520546e+04
2.520546e+04
2.520546e+04
2.520546e+04
2.520546e+04
2.509624e+04
2.509624e+04
2.509624e+04
2.498278e+04
2.498278e+04
2.498278e+04
2.498278e+04
2.498278e+04
2.498278e+04
2.498278e+04
2.498278e+04
2.498278e+04
2.485863e+04
2.485863e+04
2.485863e+04
2.485863e+04
2.483929e+04
2.483929e+04
2.483929e+04
2.483929e+04
2.483929e+04
2.483929e+04
2.483929e+04
2.482116e+04
2.482116e+04
2.482116e+04
2.482116e+04
2.482116e+04
2.482116e+04
2.482116e+04
2.482116e+04
2.482116e+04
2.482116e+04
2.482116e+04
2.482116e+04
2.482116e+04
2.482116e+04
2.482116e+04
2.482116e+04
2.482116e+04
2.482116e+04
2.482116e+04
2.472370e+04
2.471514e+04
2.471514e+04
2.467561e+04
2.467561e+04
2.464043e+04
2.464043e+04
2.460606e+04
2.460606e+04
2.460606e+04
2.455697e+04
2.455697e+04
2.137096e+09
2.017279e+09
2.017279e+09
2.017279e+09
1.963242e+09
1.752255e+09
1.379425e+09
1.379425e+09
1.089373e+09
1.089373e+09
1.089373e+09
1.089373e+09
8.744300e+08
8.744300e+08
6.521399e+08
6.521399e+08
6.521399e+08
5.289216e+08
5.289216e+08
5.289216e+08
5.289216e+08
5.289216e+08
5.289216e+08
5.289216e+08
5.054645e+08
3.927916e+08
2.579178e+08
2.579178e+08
2.579178e+08
2.529783e+08
2.089909e+08
2.089909e+08
2.089909e+08
2.089909e+08
2.028837e+08
2.004851e+08
1.990361e+08
1.861454e+08
1.780514e+08
1.463867e+08
1.379625e+08
1.243608e+08
9.376739e+07
9.376739e+07
9.376739e+07
7.511994e+07
7.346625e+07
7.346625e+07
7.346625e+07
7.346625e+07
7.346625e+07
5.989822e+07
5.989822e+07
5.989822e+07
5.989822e+07
5.989822e+07
4.224963e+07
4.050105e+07
4.050105e+07
3.099743e+07
3.099743e+07
3.099743e+07
2.759285e+07
2.759285e+07
2.759285e+07
2.759285e+07
2.759285e+07
2.300360e+07
1.410639e+07
1.410639e+07
1.410639e+07
1.410639e+07
1.410639e+07
1.410639e+07
1.410639e+07
1.410639e+07
1.410639e+07
1.096401e+07
1.096401e+07
1.074875e+07
1.074875e+07
1.074875e+07
1.074875e+07
1.074875e+07
1.074875e+07
1.074875e+07
1.074875e+07
1.074875e+07
1.074875e+07
1.074875e+07
1.074875e+07
9.987163e+06
9.987163e+06
9.418514e+06
9.418514e+06
8.376945e+06
8.376945e+06
8.376945e+06
8.376945e+06
8.376945e+06
6.883120e+06
5.190475e+06
5.190475e+06
5.190475e+06
5.190475e+06
5.190475e+06
5.190475e+06
5.190475e+06
5.190475e+06
5.190475e+06
5.190475e+06
4.099364e+06
4.099364e+06
4.099364e+06
4.099364e+06
4.099364e+06
4.099364e+06
3.593620e+06
3.593620e+06
3.593620e+06
3.593620e+06
3.593620e+06
3.593620e+06
3.593620e+06
3.593620e+06
3.391379e+06
3.391379e+06
3.031275e+06
3.031275e+06
3.031275e+06
3.031275e+06
3.031275e+06
3.031275e+06
3.031275e+06
2.602194e+06
2.602194e+06
2.602194e+06
2.602194e+06
2.602194e+06
2.563674e+06
2.427646e+06
2.329678e+06
1.894701e+06
1.894701e+06
1.894701e+06
1.894701e+06
1.894701e+06
1.894701e+06
1.832820e+06
1.832820e+06
1.789219e+06
1.789219e+06
1.789219e+06
1.789219e+06
1.789219e+06
1.789219e+06
1.696606e+06
1.696606e+06
1.632171e+06
1.550964e+06
1.384470e+06
1.329584e+06
1.329584e+06
1.271773e+06
1.271773e+06
1.271773e+06
1.271773e+06
1.271773e+06
1.271773e+06
1.042998e+06
1.042998e+06
1.042998e+06
1.042998e+06
1.042998e+06
1.042998e+06
1.042998e+06
1.042998e+06
1.013752e+06
1.013752e+06
1.013752e+06
1.013752e+06
1.013752e+06
9.594649e+05
8.852796e+05
8.852796e+05
8.852796e+05
8.852796e+05
8.852796e+05
7.742199e+05
7.742199e+05
7.742199e+05
7.710467e+05
7.710467e+05
7.206726e+05
7.206726e+05
7.206726e+05
7.206726e+05
7.206726e+05
7.206726e+05
7.206726e+05
7.206726e+05
6.876558e+05
6.876558e+05
6.747612e+05
6.747612e+05
6.747612e+05
6.747612e+05
5.478452e+05
5.478452e+05
5.478452e+05
5.457857e+05
5.457857e+05
5.457857e+05
5.457857e+05
5.300157e+05
5.260489e+05
4.835856e+05
4.782171e+05
4.305256e+05
4.305256e+05
4.305256e+05
4.258691e+05
4.190502e+05
4.190502e+05
4.190502e+05
4.190502e+05
3.661826e+05
3.661826e+05
3.661826e+05
3.661826e+05
3.661826e+05
3.661826e+05
3.661826e+05
3.661826e+05
3.651001e+05
3.559977e+05
3.559977e+05
3.224493e+05
3.224493e+05
3.224493e+05
3.224493e+05
3.224493e+05
3.224493e+05
3.192561e+05
3.192561e+05
3.192561e+05
3.192561e+05
3.192561e+05
3.062426e+05
3.062426e+05
3.062426e+05
2.889274e+05
2.889274e+05
2.889274e+05
2.889274e+05
2.889274e+05
2.798310e+05
2.798310e+05
2.798310e+05
2.629975e+05
2.629975e+05
2.618109e+05
2.618109e+05
2.618109e+05
2.495690e+05
2.495690e+05
2.359309e+05
2.359309e+05
2.359309e+05
2.359309e+05
2.359309e+05
2.240532e+05
2.240532e+05
2.232499e+05
2.185352e+05
2.179830e+05
2.157669e+05
2.157669e+05
2.157608e+05
2.157608e+05
2.157608e+05
2.157608e+05
2.142890e+05
2.142890e+05
2.142890e+05
2.110315e+05
2.109139e+05
2.109139e+05
2.071654e+05
2.027973e+05
1.979032e+05
1.955993e+05
1.955993e+05
1.955993e+05
1.955993e+05
1.955993e+05
1.938996e+05
1.938996e+05
1.938996e+05
1.921348e+05
1.914982e+05
1.862357e+05
1.862357e+05
1.845496e+05
1.845496e+05
1.785189e+05
1.785189e+05
1.738004e+05
1.738004e+05
1.738004e+05
1.738004e+05
1.674226e+05
1.637063e+05
1.618451e+05
1.581374e+05
1.581374e+05
1.581374e+05
1.581374e+05
1.581374e+05
1.581374e+05
1.581374e+05
1.581374e+05
1.518685e+05
1.518685e+05
1.518685e+05
1.477590e+05
1.477590e+05
1.477590e+05
1.477590e+05
1.477590e+05
1.477590e+05
1.477590e+05
1.477590e+05
1.477590e+05
1.475299e+05
1.475299e+05
1.462047e+05
1.453136e+05
1.453136e+05
1.434839e+05
1.434839e+05
1.434839e+05
1.434839e+05
1.434839e+05
1.434839e+05
1.426137e+05
1.426137e+05
1.410728e+05
1.410728e+05
1.410728e+05
1.410728e+05
1.394718e+05
1.394718e+05
1.385449e+05
1.385449e+05
1.381609e+05
1.379975e+05
1.367185e+05
1.362122e+05
1.362122e+05
1.350228e+05
1.332675e+05
1.306423e+05
1.306423e+05
1.306186e+05
1.306186e+05
1.306186e+05
1.306186e+05
1.270697e+05
1.262578e+05
1.262578e+05
1.262578e+05
1.243828e+05
1.243828e+05
1.243828e+05
1.243828e+05
1.243828e+05
1.231182e+05
1.196269e+05
1.194984e+05
1.194984e+05
1.182738e+05
1.172239e+05
1.172239e+05
1.172239e+05
1.172239e+05
1.152583e+05
1.143212e+05
1.143212e+05
1.143212e+05
1.143212e+05
1.139990e+05
1.138808e+05
1.138808e+05
1.116395e+05
1.116395e+05
1.116395e+05
1.114523e+05
1.114523e+05
1.103995e+05
1.103995e+05
1.089813e+05
1.088836e+05
1.088836e+05
1.082359e+05
1.078346e+05
1.070161e+05
1.051228e+05
1.051228e+05
1.046846e+05
1.046846e+05
1.046712e+05
1.046712e+05
1.036320e+05
1.036320e+05
1.019967e+05
1.016715e+05
1.016715e+05
1.016715e+05
1.016715e+05
1.013166e+05
1.013166e+05
1.013166e+05
1.013166e+05
1.013166e+05
1.013166e+05
1.009808e+05
9.822168e+04
9.822168e+04
9.822168e+04
9.727659e+04
9.709959e+04
9.709959e+04
9.670380e+04
9.670380e+04
9.466953e+04
9.466953e+04
9.461681e+04
9.461681e+04
9.461681e+04
9.417915e+04
9.417915e+04
9.417915e+04
9.412825e+04
9.393704e+04
9.243784e+04
9.078799e+04
9.078799e+04
9.055122e+04
9.055122e+04
9.055122e+04
8.970844e+04
8.970844e+04
8.970844e+04
8.970844e+04
8.970844e+04
8.970844e+04
8.886236e+04
8.817816e+04
8.817816e+04
8.754235e+04
8.754235e+04
8.754235e+04
8.565292e+04
8.556562e+04
8.555023e+04
8.555023e+04
8.555023e+04
8.514839e+04
8.321434e+04
8.168997e+04
8.166371e+04
8.162718e+04
8.162718e+04
8.162718e+04
8.086754e+04
8.086754e+04
8.086754e+04
8.086754e+04
8.086754e+04
7.985082e+04
7.985082e+04
7.974355e+04
7.940306e+04
7.940306e+04
7.857629e+04
7.579190e+04
7.579190e+04
7.579190e+04
7.579190e+04
7.525445e+04
7.525445e+04
7.525445e+04
7.525445e+04
7.484596e+04
7.484596e+04
7.335646e+04
7.335646e+04
7.297516e+04
7.297516e+04
7.251839e+04
7.104055e+04
7.104055e+04
7.104055e+04
7.104055e+04
7.104055e+04
6.769019e+04
6.769019e+04
6.769019e+04
6.693357e+04
6.690519e+04
6.690519e+04
6.690519e+04
6.690519e+04
6.584700e+04
6.568786e+04
6.522234e+04
6.522234e+04
6.522234e+04
6.433952e+04
6.431461e+04
6.271752e+04
6.271752e+04
6.231006e+04
6.231006e+04
6.231006e+04
6.126855e+04
6.126855e+04
6.126855e+04
6.102213e+04
5.939186e+04
5.939186e+04
5.939186e+04
5.939186e+04
5.939186e+04
5.693991e+04
5.693991e+04
5.693991e+04
5.693991e+04
5.693991e+04
5.673503e+04
5.663071e+04
5.663071e+04
5.634626e+04
5.619736e+04
5.515604e+04
5.496999e+04
5.450813e+04
5.450813e+04
5.326923e+04
5.326923e+04
5.300720e+04
5.255110e+04
5.255110e+04
5.221053e+04
4.998380e+04
4.998380e+04
4.998380e+04
4.998380e+04
4.998327e+04
4.981433e+04
4.981433e+04
4.865761e+04
4.865761e+04
4.865761e+04
4.851067e+04
4.851067e+04
4.851067e+04
4.851067e+04
4.822061e+04
4.822061e+04
4.822061e+04
4.822061e+04
4.766963e+04
4.737785e+04
4.737785e+04
4.736162e+04
4.736162e+04
4.722814e+04
4.715481e+04
4.706917e+04
4.628933e+04
4.622888e+04
4.572659e+04
4.572659e+04
4.570270e+04
4.570270e+04
4.530272e+04
4.530272e+04
4.469095e+04
4.448254e+04
4.341862e+04
4.303381e+04
4.303381e+04
4.303381e+04
4.219703e+04
4.219703e+04
4.219703e+04
4.134171e+04
4.134171e+04
4.134171e+04
4.134171e+04
4.134171e+04
4.134171e+04
4.134171e+04
4.117707e+04
4.104267e+04
4.095994e+04
4.095994e+04
4.089556e+04
4.089556e+04
4.014424e+04
4.014424e+04
4.014424e+04
4.014424e+04
3.952935e+04
3.850607e+04
3.850607e+04
3.850607e+04
3.850204e+04
3.850204e+04
3.850204e+04
3.850204e+04
3.850204e+04
3.815706e+04
3.788923e+04
3.788923e+04
3.784245e+04
3.733580e+04
3.683741e+04
3.683741e+04
3.683741e+04
3.683741e+04
3.683741e+04
3.683741e+04
3.683741e+04
3.683741e+04
3.683741e+04
3.683684e+04
3.683684e+04
3.658687e+04
3.596003e+04
3.596003e+04
3.596003e+04
3.584219e+04
3.584219e+04
3.575943e+04
3.561507e+04
3.561507e+04
3.561507e+04
3.561507e+04
3.561507e+04
3.561507e+04
3.536530e+04
3.517126e+04
3.517126e+04
3.517126e+04
3.517126e+04
3.501792e+04
3.501792e+04
3.496508e+04
3.496508e+04
3.496508e+04
3.496508e+04
3.496508e+04
3.496508e+04
3.496508e+04
3.496508e+04
3.483877e+04
3.483877e+04
3.483877e+04
3.435007e+04
3.435007e+04
3.403117e+04
3.403117e+04
3.381642e+04
3.367184e+04
3.363351e+04
3.363351e+04
3.363351e+04
3.363351e+04
3.350850e+04
3.349361e+04
3.349361e+04
3.349361e+04
3.340817e+04
3.340817e+04
3.340817e+04
3.320533e+04
3.315363e+04
3.311052e+04
3.311052e+04
3.311052e+04
3.311052e+04
3.296213e+04
3.296213e+04
3.296213e+04
3.283177e+04
3.282964e+04
3.282964e+04
3.273796e+04
3.273796e+04
3.271616e+04
3.255616e+04
3.255616e+04
3.255616e+04
3.254127e+04
3.254127e+04
3.254127e+04
3.236731e+04
3.236731e+04
3.236081e+04
3.231588e+04
3.199197e+04
3.199197e+04
3.199197e+04
3.171828e+04
3.153286e+04
3.153286e+04
3.153286e+04
3.153286e+04
3.144717e+04
3.144717e+04
3.134556e+04
3.134556e+04
3.134556e+04
3.107687e+04
3.107687e+04
3.107687e+04
3.107687e+04
3.106238e+04
3.106238e+04
3.106238e+04
3.083499e+04
3.065970e+04
3.065970e+04
3.065970e+04
3.060985e+04
3.060985e+04
3.060985e+04
3.045117e+04
3.014225e+04
3.014225e+04
3.012595e+04
3.012595e+04
3.009423e+04
2.971837e+04
2.971837e+04
2.931016e+04
2.907773e+04
2.907773e+04
2.907773e+04
2.907773e+04
2.907773e+04
2.907773e+04
2.885006e+04
2.883259e+04
2.879694e+04
2.835755e+04
2.730871e+04
2.730871e+04
2.730871e+04
2.667380e+04
2.665513e+04
2.657469e+04
2.618335e+04
2.605331e+04
2.588636e+04
2.574339e+04
2.538310e+04
2.538310e+04
2.531312e+04
2.531312e+04
2.531312e+04
2.531312e+04
2.531312e+04
2.531312e+04
2.530596e+04
2.530596e+04
2.530596e+04
2.525906e+04
2.505692e+04
2.505692e+04
2.505692e+04
2.483135e+04
2.424315e+04
2.409048e+04
2.409048e+04
2.333913e+04
2.333913e+04
2.333913e+04
2.333913e+04
2.333913e+04
2.333913e+04
2.333913e+04
2.333913e+04
2.333913e+04
2.333913e+04
2.319755e+04
2.319755e+04
2.318947e+04
2.318947e+04
2.314201e+04
2.314201e+04
2.314201e+04
2.314201e+04
2.314201e+04
2.314131e+04
2.304794e+04
2.304794e+04
2.263122e+04
2.263122e+04
2.263122e+04
2.225411e+04
2.225411e+04
2.225411e+04
2.196429e+04
2.196429e+04
2.196429e+04
2.189093e+04
2.186198e+04
2.172135e+04
2.106246e+04
2.106246e+04
2.106246e+04
2.084711e+04
2.084711e+04
2.084711e+04
2.084711e+04
2.084711e+04
2.084711e+04
2.084711e+04
2.070645e+04
2.070645e+04
2.061075e+04
2.056154e+04
2.056154e+04
2.032233e+04
2.032233e+04
2.032233e+04
2.029546e+04
2.029546e+04
2.029546e+04
1.995048e+04
1.966296e+04
1.966296e+04
1.966296e+04
1.966296e+04
1.966296e+04
1.966296e+04
1.966296e+04
1.960814e+04
1.952909e+04
1.949238e+04
1.949238e+04
1.923978e+04
1.923978e+04
1.923978e+04
1.923978e+04
1.920223e+04
1.920223e+04
1.904213e+04
1.904213e+04
1.895958e+04
1.895958e+04
1.895958e+04
1.895958e+04
1.895047e+04
1.895047e+04
1.895047e+04
1.895047e+04
1.895047e+04
1.895047e+04
1.895047e+04
1.894688e+04
1.894688e+04
1.883825e+04
1.883825e+04
1.883825e+04
1.883825e+04
1.883825e+04
1.880167e+04
1.880167e+04
1.875184e+04
1.875184e+04
1.868035e+04
1.868035e+04
1.868035e+04
1.865210e+04
1.865210e+04
1.855169e+04
1.855169e+04
1.855169e+04
1.855169e+04
1.855169e+04
1.855169e+04
1.855169e+04
1.851930e+04
1.847915e+04
1.847915e+04
1.847612e+04
1.847612e+04
1.846807e+04
1.845932e+04
1.845294e+04
1.841661e+04
1.841661e+04
1.841661e+04
1.840277e+04
1.837782e+04
1.837782e+04
1.829767e+04
1.829767e+04
1.829767e+04
1.829767e+04
1.824537e+04
1.824537e+04
1.818807e+04
1.818807e+04
1.817126e+04
1.811293e+04
1.811293e+04
1.811293e+04
1.811293e+04
1.811293e+04
1.811293e+04
1.811293e+04
1.811293e+04
1.811293e+04
1.811293e+04
1.810733e+04
1.810733e+04
1.805892e+04
1.802570e+04
1.802570e+04
1.802570e+04
1.798816e+04
1.798816e+04
1.798059e+04
1.798059e+04
1.793676e+04
1.793676e+04
1.793426e+04
1.784115e+04
1.784115e+04
1.784115e+04
1.784115e+04
1.772451e+04
1.772451e+04
1.772451e+04
1.772451e+04
1.772451e+04
1.772451e+04
1.772451e+04
1.772451e+04
1.770436e+04
1.770436e+04
1.770436e+04
1.770436e+04
1.750544e+04
1.750544e+04
1.748801e+04
1.748801e+04
1.747347e+04
1.747347e+04
1.740334e+04
1.740334e+04
1.738675e+04
1.722620e+04
1.722620e+04
1.722620e+04
1.714128e+04
1.714128e+04
1.714128e+04
1.714128e+04
1.714128e+04
1.714128e+04
1.714128e+04
1.709956e+04
1.709956e+04
1.709547e+04
1.705050e+04
1.702699e+04
1.702699e+04
1.702699e+04
1.702699e+04
1.701871e+04
1.701871e+04
1.696854e+04
1.695542e+04
1.695542e+04
1.695542e+04
1.691099e+04
1.690540e+04
1.684467e+04
1.684467e+04
1.684467e+04
1.684467e+04
1.684467e+04
1.684467e+04
1.684467e+04
1.684467e+04
1.682495e+04
1.682495e+04
1.682495e+04
1.682495e+04
1.682495e+04
1.676745e+04
1.676745e+04
1.674566e+04
1.674566e+04
1.674065e+04
1.674065e+04
1.674065e+04
1.672788e+04
1.672788e+04
1.672788e+04
1.672788e+04
1.672426e+04
1.670389e+04
1.670389e+04
1.668177e+04
1.666219e+04
1.666219e+04
1.666219e+04
1.666219e+04
1.666219e+04
1.664818e+04
1.662587e+04
1.661615e+04
1.661615e+04
1.660261e+04
1.658372e+04
1.658372e+04
1.658372e+04
1.651792e+04
1.651792e+04
1.648965e+04
1.648965e+04
1.647471e+04
1.647471e+04
1.647471e+04
1.647471e+04
1.646032e+04
1.643302e+04
1.642042e+04
1.640060e+04
1.640060e+04
1.639010e+04
1.635617e+04
1.633963e+04
1.631096e+04
1.631096e+04
1.631096e+04
1.627119e+04
1.627119e+04
1.627119e+04
1.621016e+04
1.621016e+04
1.621016e+04
1.619421e+04
1.618385e+04
1.614390e+04
1.614390e+04
1.613840e+04
1.613840e+04
1.611681e+04
1.611244e+04
1.606232e+04
1.596561e+04
1.588576e+04
1.588576e+04
1.588576e+04
1.588576e+04
1.587954e+04
1.587954e+04
1.587954e+04
1.587954e+04
1.587954e+04
1.587954e+04
1.585883e+04
1.580001e+04
1.580001e+04
1.580001e+04
1.580001e+04
1.580001e+04
1.580001e+04
1.579697e+04
1.579697e+04
1.578297e+04
1.577255e+04
1.573352e+04
1.570732e+04
1.570732e+04
1.570732e+04
1.570732e+04
1.567155e+04
1.564992e+04
1.564992e+04
1.564992e+04
1.562689e+04
1.562689e+04
1.560450e+04
1.560450e+04
1.555279e+04
1.551792e+04
1.551792e+04
1.551792e+04
1.551792e+04
1.551792e+04
1.551792e+04
1.551792e+04
1.551792e+04
1.545774e+04
1.545774e+04
1.545774e+04
1.544662e+04
1.544662e+04
1.541766e+04
1.537325e+04
1.537325e+04
1.537325e+04
1.536884e+04
1.532369e+04
1.532369e+04
1.530620e+04
1.529353e+04
1.523289e+04
1.523289e+04
1.519843e+04
1.519843e+04
1.519843e+04
1.518307e+04
1.518307e+04
1.517079e+04
1.516550e+04
1.504232e+04
1.504232e+04
1.504232e+04
1.504232e+04
1.504232e+04
1.504232e+04
1.504232e+04
1.504232e+04
1.502160e+04
1.499923e+04
1.499923e+04
1.499923e+04
1.499923e+04
1.497304e+04
1.495427e+04
1.494049e+04
1.494049e+04
1.488795e+04
1.488795e+04
1.488795e+04
1.488795e+04
1.488495e+04
1.488495e+04
1.474365e+04
1.474365e+04
1.473714e+04
1.473714e+04
1.473018e+04
1.473018e+04
1.470631e+04
1.469482e+04
1.468649e+04
1.466595e+04
1.458811e+04
1.457335e+04
1.434559e+04
1.434559e+04
1.430447e+04
1.430447e+04
1.430447e+04
1.428212e+04
1.428212e+04
1.428212e+04
1.428212e+04
1.427500e+04
1.418911e+04
1.418911e+04
1.418911e+04
1.413598e+04
1.411242e+04
1.411242e+04
1.403169e+04
1.403169e+04
1.403169e+04
1.403169e+04
1.403169e+04
1.403169e+04
1.391915e+04
1.391915e+04
1.377030e+04
1.377030e+04
1.377030e+04
1.377030e+04
1.377030e+04
1.377030e+04
1.377030e+04
1.376400e+04
1.376400e+04
1.369003e+04
1.368974e+04
1.368974e+04
1.368974e+04
1.368974e+04
1.365452e+04
1.365452e+04
1.363979e+04
1.357061e+04
1.357061e+04
1.353731e+04
1.353731e+04
1.350773e+04
1.350773e+04
1.342748e+04
1.341505e+04
1.334981e+04
1.334981e+04
1.334981e+04
1.334981e+04
1.333057e+04
1.327595e+04
1.327595e+04
1.324341e+04
1.324341e+04
1.324341e+04
1.322841e+04
1.322841e+04
1.322841e+04
1.322841e+04
1.320430e+04
1.312747e+04
1.312747e+04
1.305983e+04
1.305983e+04
1.305983e+04
1.305983e+04
1.302335e+04
1.302335e+04
1.302335e+04
1.295461e+04
1.295461e+04
1.288901e+04
1.288901e+04
1.288901e+04
1.288901e+04
1.288901e+04
1.287561e+04
1.285309e+04
1.285309e+04
1.271883e+04
1.271883e+04
1.271883e+04
1.271883e+04
1.271883e+04
1.271883e+04
1.271883e+04
1.266522e+04
1.266522e+04
1.266522e+04
1.264811e+04
1.264811e+04
1.263320e+04
1.259647e+04
1.259647e+04
1.249288e+04
1.249288e+04
1.244974e+04
1.244974e+04
1.244974e+04
1.244974e+04
1.244974e+04
1.244974e+04
1.241658e+04
1.241658e+04
1.241658e+04
1.241634e+04
1.241634e+04
1.241634e+04
1.235981e+04
1.235981e+04
1.235981e+04
1.233793e+04
1.232515e+04
1.232515e+04
1.232515e+04
1.232515e+04
1.232515e+04
1.232515e+04
1.230662e+04
1.223447e+04
1.219101e+04
1.219101e+04
1.216026e+04
1.216026e+04
1.216026e+04
1.216026e+04
1.214429e+04
1.208191e+04
1.197630e+04
1.197630e+04
1.197630e+04
1.196080e+04
1.196080e+04
1.196080e+04
1.196080e+04
1.196080e+04
1.196080e+04
1.193811e+04
1.193811e+04
1.187979e+04
1.183840e+04
1.183840e+04
1.183840e+04
1.172834e+04
1.172352e+04
1.172352e+04
1.172298e+04
1.162991e+04
1.162991e+04
1.162991e+04
1.162991e+04
1.162991e+04
1.162991e+04
1.157483e+04
1.154321e+04
1.145912e+04
1.143872e+04
1.143872e+04
1.143872e+04
1.143872e+04
1.143368e+04
1.141971e+04
1.134162e+04
1.134162e+04
1.132678e+04
1.124218e+04
1.120464e+04
1.116758e+04
1.116758e+04
1.116758e+04
1.116758e+04
1.105065e+04
1.105065e+04
1.100198e+04
1.065308e+04
1.065308e+04
1.065308e+04
1.063176e+04
1.062701e+04
1.059927e+04
1.059927e+04
1.059927e+04
1.046280e+04
1.046280e+04
1.046280e+04
1.046280e+04
1.045669e+04
1.026800e+04
1.026800e+04
1.026800e+04
1.026800e+04
1.012253e+04
1.012253e+04
1.011742e+04
1.003565e+04
9.924165e+03
9.924165e+03
9.924165e+03
9.924165e+03
9.924165e+03
9.924165e+03
9.924165e+03
9.924165e+03
9.893207e+03
9.892518e+03
9.892518e+03
9.820392e+03
9.803633e+03
9.658467e+03
9.658467e+03
9.658467e+03
9.472875e+03
9.472875e+03
9.472875e+03
9.372986e+03
9.372986e+03
9.372986e+03
9.372986e+03
9.311767e+03
9.311767e+03
9.263105e+03
9.263105e+03
9.176668e+03
9.076838e+03
9.009994e+03
9.008321e+03
9.008321e+03
9.008321e+03
8.960703e+03
8.960703e+03
8.667793e+03
8.667793e+03
8.667793e+03
8.591696e+03
8.591696e+03
8.591696e+03
8.591696e+03
8.591696e+03
8.587369e+03
8.577980e+03
8.509927e+03
8.503228e+03
8.470024e+03
8.413439e+03
8.364504e+03
8.326313e+03
8.326313e+03
8.181954e+03
8.057111e+03
8.057111e+03
8.057111e+03
7.944161e+03
7.932549e+03
7.922609e+03
7.922609e+03
7.922609e+03
7.763819e+03
7.763819e+03
7.763819e+03
7.651393e+03
7.651393e+03
7.651393e+03
7.651393e+03
7.595060e+03
7.595060e+03
7.540234e+03
7.540234e+03
7.534252e+03
7.472274e+03
7.472274e+03
7.472274e+03
7.435247e+03
7.302417e+03
7.302417e+03
7.302417e+03
7.225277e+03
7.225277e+03
7.110715e+03
7.110715e+03
7.110715e+03
7.110715e+03
7.110715e+03
7.061416e+03
7.017958e+03
7.017958e+03
7.017958e+03
7.017958e+03
6.940133e+03
6.940133e+03
6.940133e+03
6.940133e+03
6.940133e+03
6.940133e+03
6.939207e+03
6.939207e+03
6.916851e+03
6.680512e+03
6.680512e+03
6.680512e+03
6.680512e+03
6.578746e+03
6.578746e+03
6.578746e+03
6.578746e+03
6.482950e+03
6.240466e+03
6.240466e+03
6.240466e+03
6.227216e+03
6.227216e+03
6.227216e+03
6.227216e+03
6.227216e+03
6.227216e+03
6.227216e+03
6.227216e+03
6.217239e+03
6.217239e+03
6.007141e+03
6.007141e+03
6.007141e+03
6.007141e+03
6.007141e+03
6.007141e+03
5.947177e+03
5.947177e+03
5.947177e+03
5.947177e+03
5.893373e+03
5.893373e+03
5.893373e+03
5.893373e+03
5.893373e+03
5.893373e+03
5.893373e+03
5.893373e+03
5.893373e+03
5.893373e+03
5.893373e+03
5.886963e+03
5.871721e+03
5.850197e+03
5.730836e+03
5.730836e+03
5.730836e+03
5.730836e+03
5.730836e+03
5.689394e+03
5.684867e+03
5.684867e+03
5.684867e+03
5.684867e+03
5.559970e+03
5.559970e+03
5.537893e+03
5.537893e+03
5.537893e+03
5.537893e+03
5.537893e+03
5.537893e+03
5.537893e+03
5.537893e+03
5.537893e+03
5.537893e+03
5.537893e+03
5.459516e+03
5.459516e+03
5.459516e+03
5.360192e+03
5.360192e+03
5.360192e+03
5.360192e+03
5.360192e+03
5.315787e+03
5.281181e+03
5.281181e+03
5.164258e+03
5.164258e+03
5.164258e+03
5.113982e+03
5.110851e+03
5.110851e+03
5.110851e+03
5.110851e+03
4.984508e+03
4.984508e+03
4.984508e+03
4.955377e+03
4.955377e+03
4.912143e+03
4.912143e+03
4.903384e+03
4.903384e+03
4.903384e+03
4.780008e+03
4.780008e+03
4.759646e+03
4.759646e+03
4.759646e+03
4.759646e+03
4.759646e+03
4.759646e+03
4.759646e+03
4.754811e+03
4.685217e+03
4.685217e+03
4.685217e+03
4.632474e+03
4.632474e+03
4.559304e+03
4.559304e+03
4.539091e+03
4.506522e+03
4.506522e+03
4.496541e+03
4.480907e+03
4.433009e+03
4.433009e+03
4.433009e+03
4.433009e+03
4.433009e+03
4.433009e+03
4.433009e+03
4.433009e+03
4.433009e+03
4.433009e+03
4.433009e+03
4.405874e+03
4.402950e+03
4.402950e+03
4.342844e+03
4.342844e+03
4.294625e+03
4.267979e+03
4.267979e+03
4.267979e+03
4.259432e+03
4.259432e+03
4.236083e+03
4.236083e+03
4.231556e+03
4.231556e+03
4.193131e+03
4.193131e+03
4.193131e+03
4.193131e+03
4.193131e+03
4.193131e+03
4.193131e+03
4.177329e+03
4.177329e+03
4.175236e+03
4.154658e+03
4.149827e+03
4.149827e+03
4.149827e+03
4.149827e+03
4.149827e+03
4.093679e+03
4.093679e+03
4.070810e+03
4.070810e+03
4.070810e+03
4.070810e+03
4.070810e+03
4.033230e+03
4.033230e+03
4.033230e+03
4.033230e+03
4.033230e+03
4.033230e+03
4.033230e+03
4.030142e+03
4.030142e+03
4.030142e+03
3.973971e+03
3.946439e+03
3.924780e+03
3.924780e+03
3.903496e+03
3.903496e+03
3.878590e+03
3.878590e+03
3.842961e+03
3.842961e+03
3.842961e+03
3.842961e+03
3.832457e+03
3.790115e+03
3.749480e+03
3.749480e+03
3.749480e+03
3.749480e+03
3.749480e+03
3.717694e+03
3.717694e+03
3.717694e+03
3.714407e+03
3.704002e+03
3.704002e+03
3.648411e+03
3.648411e+03
3.637912e+03
3.637912e+03
3.637912e+03
3.637912e+03
3.626462e+03
3.626462e+03
3.626462e+03
3.626462e+03
3.626462e+03
3.624670e+03
3.624670e+03
3.571432e+03
3.571432e+03
3.571432e+03
3.571432e+03
3.571432e+03
3.571432e+03
3.571432e+03
3.555208e+03
3.555208e+03
3.553427e+03
3.553247e+03
3.486379e+03
3.486379e+03
3.473590e+03
3.473590e+03
3.463000e+03
3.456890e+03
3.456890e+03
3.456890e+03
3.456890e+03
3.440634e+03
3.437520e+03
3.406162e+03
3.406162e+03
3.360521e+03
3.360521e+03
3.360521e+03
3.360521e+03
3.353792e+03
3.296249e+03
3.296249e+03
3.296249e+03
3.296249e+03
3.277487e+03
3.277487e+03
3.277487e+03
3.277487e+03
3.277487e+03
3.218381e+03
3.218381e+03
3.212221e+03
3.212221e+03
3.207781e+03
3.207781e+03
3.193304e+03
3.193304e+03
3.145563e+03
3.145563e+03
3.145563e+03
3.145563e+03
3.096964e+03
3.096964e+03
3.095004e+03
3.095004e+03
3.060911e+03
3.046332e+03
3.046332e+03
3.046332e+03
3.046332e+03
3.046332e+03
3.027686e+03
2.991413e+03
2.991413e+03
2.991413e+03
2.991413e+03
2.991413e+03
2.991413e+03
2.991413e+03
2.991413e+03
2.991413e+03
2.972613e+03
2.967393e+03
2.967393e+03
2.956214e+03
2.956214e+03
2.954097e+03
2.934105e+03
2.918005e+03
2.918005e+03
2.894795e+03
2.894795e+03
2.894795e+03
2.894795e+03
2.894795e+03
2.894795e+03
2.894795e+03
2.894795e+03
2.894795e+03
2.894795e+03
2.894795e+03
2.875195e+03
2.875195e+03
2.875195e+03
2.870994e+03
2.868890e+03
2.868890e+03
2.867736e+03
2.866185e+03
2.858583e+03
2.858583e+03
2.858583e+03
2.858583e+03
2.856045e+03
2.845419e+03
2.845334e+03
2.845334e+03
2.845334e+03
2.842272e+03
2.828918e+03
2.828918e+03
2.828918e+03
2.828918e+03
2.814970e+03
2.814970e+03
2.814970e+03
2.787064e+03
2.787064e+03
2.787064e+03
2.787064e+03
2.787064e+03
2.787064e+03
2.787064e+03
2.783744e+03
2.761271e+03
2.760474e+03
2.760474e+03
2.760474e+03
2.752352e+03
2.752352e+03
2.752352e+03
2.752352e+03
2.737885e+03
2.737885e+03
2.727027e+03
2.727027e+03
2.711224e+03
2.711224e+03
2.711224e+03
2.711224e+03
2.711224e+03
2.711224e+03
2.711224e+03
2.704505e+03
2.696002e+03
2.694819e+03
2.690847e+03
2.689899e+03
2.682855e+03
2.682855e+03
2.667170e+03
2.667170e+03
2.667170e+03
2.667170e+03
2.667170e+03
2.667170e+03
2.667170e+03
2.667170e+03
2.666385e+03
2.666385e+03
2.646479e+03
2.639699e+03
2.639699e+03
2.639699e+03
2.639699e+03
2.639699e+03
2.628696e+03
2.628696e+03
2.628696e+03
2.606944e+03
2.606944e+03
2.606944e+03
2.592100e+03
2.578320e+03
2.549094e+03
2.549094e+03
2.549094e+03
2.549094e+03
2.549094e+03
2.549094e+03
2.547627e+03
2.547627e+03
2.547627e+03
2.529697e+03
2.529697e+03
2.523766e+03
2.506218e+03
2.506218e+03
2.506218e+03
2.496779e+03
2.479480e+03
2.479480e+03
2.479480e+03
2.477679e+03
2.477679e+03
2.463035e+03
2.460033e+03
2.460033e+03
2.460033e+03
2.460033e+03
2.460033e+03
2.460033e+03
2.450672e+03
2.443372e+03
2.443372e+03
2.443372e+03
2.431913e+03
2.423261e+03
2.409257e+03
2.398138e+03
2.398138e+03
2.382926e+03
2.359765e+03
2.359765e+03
2.359765e+03
2.359765e+03
2.351809e+03
2.346100e+03
2.346100e+03
2.314774e+03
2.314774e+03
2.314774e+03
2.309041e+03
2.300494e+03
2.275407e+03
2.269263e+03
2.269263e+03
2.269263e+03
2.269263e+03
2.256600e+03
2.256600e+03
2.256600e+03
2.236933e+03
2.236933e+03
2.225908e+03
2.225908e+03
2.223861e+03
2.223861e+03
2.223861e+03
2.223861e+03
2.198547e+03
2.198547e+03
2.177549e+03
2.177549e+03
2.177549e+03
2.165332e+03
2.132013e+03
2.132013e+03
2.132013e+03
2.117262e+03
2.117262e+03
2.117262e+03
2.117262e+03
2.117262e+03
2.116815e+03
2.116815e+03
2.116815e+03
2.116815e+03
2.116815e+03
2.116815e+03
2.116815e+03
2.116815e+03
2.112443e+03
2.112443e+03
2.107661e+03
2.107661e+03
2.107661e+03
2.107661e+03
2.107661e+03
2.105021e+03
2.104511e+03
2.093930e+03
2.092358e+03
2.092358e+03
2.086187e+03
2.075728e+03
2.075728e+03
2.075728e+03
2.049185e+03
2.049185e+03
2.049185e+03
2.024867e+03
2.021006e+03
2.021006e+03
2.021006e+03
2.021006e+03
2.018099e+03
2.018099e+03
2.018099e+03
2.018099e+03
2.018099e+03
2.018099e+03
2.018099e+03
2.018099e+03
2.018099e+03
2.005806e+03
2.005806e+03
2.005806e+03
2.005806e+03
1.997949e+03
1.984653e+03
1.970637e+03
1.970637e+03
1.965272e+03
1.965272e+03
1.965272e+03
1.925991e+03
1.925991e+03
1.925991e+03
1.925991e+03
1.925991e+03
1.914503e+03
1.874646e+03
5.495240e+09
5.495240e+09
5.186690e+09
4.492022e+09
3.173677e+09
2.722386e+09
2.516946e+09
1.715601e+09
1.715601e+09
1.715601e+09
1.299380e+09
9.612607e+08
9.612607e+08
9.612607e+08
9.612607e+08
9.612607e+08
9.336780e+08
9.336780e+08
9.336780e+08
9.336780e+08
9.336780e+08
9.336780e+08
9.336780e+08
6.436814e+08
6.436814e+08
6.436814e+08
6.436814e+08
6.436814e+08
6.436814e+08
5.792332e+08
5.195650e+08
5.195650e+08
5.195650e+08
5.195650e+08
5.195650e+08
4.187392e+08
3.968295e+08
2.712206e+08
2.712206e+08
2.712206e+08
2.712206e+08
2.712206e+08
2.555164e+08
2.268983e+08
2.268983e+08
2.268983e+08
2.092821e+08
1.872185e+08
1.802812e+08
1.647266e+08
1.647266e+08
1.647266e+08
1.637534e+08
1.637534e+08
1.276215e+08
1.276215e+08
1.276215e+08
1.276215e+08
1.252170e+08
1.039698e+08
1.039698e+08
1.039698e+08
1.039698e+08
1.019544e+08
7.322643e+07
7.322643e+07
7.322643e+07
7.322643e+07
6.555961e+07
6.555961e+07
6.555961e+07
6.555961e+07
6.555961e+07
6.555961e+07
6.555961e+07
6.555961e+07
6.555961e+07
6.527086e+07
6.453077e+07
6.453077e+07
5.694688e+07
5.694688e+07
5.694688e+07
5.694688e+07
5.694688e+07
5.509160e+07
5.509160e+07
5.509160e+07
4.749719e+07
4.749719e+07
4.337714e+07
4.337714e+07
4.258254e+07
4.091007e+07
4.091007e+07
3.689271e+07
3.538156e+07
3.538156e+07
3.538156e+07
3.481156e+07
2.982582e+07
2.982582e+07
2.791442e+07
2.791442e+07
2.577121e+07
2.577121e+07
2.577121e+07
2.490470e+07
2.490470e+07
2.490470e+07
2.490470e+07
2.490470e+07
2.490470e+07
2.198209e+07
2.198209e+07
2.198209e+07
2.198209e+07
2.198209e+07
2.198209e+07
2.198209e+07
2.153742e+07
2.153742e+07
2.153742e+07
2.115270e+07
2.107068e+07
2.107068e+07
1.973017e+07
1.973017e+07
1.927316e+07
1.927316e+07
1.927316e+07
1.927316e+07
1.927316e+07
1.905793e+07
1.804392e+07
1.714335e+07
1.708080e+07
1.708080e+07
1.708080e+07
1.691011e+07
1.666324e+07
1.530235e+07
1.530235e+07
1.529182e+07
1.444516e+07
1.410199e+07
1.410199e+07
1.405441e+07
1.405441e+07
1.405441e+07
1.371523e+07
1.285219e+07
1.203929e+07
1.203929e+07
1.162208e+07
1.149966e+07
1.069032e+07
1.069032e+07
1.069032e+07
1.069032e+07
1.063402e+07
1.063402e+07
1.025193e+07
1.010843e+07
1.010843e+07
1.010843e+07
9.295541e+06
9.295541e+06
9.295541e+06
9.178693e+06
9.178693e+06
9.071947e+06
8.472396e+06
8.472396e+06
8.148950e+06
7.620770e+06
7.527709e+06
7.449119e+06
6.965370e+06
6.965370e+06
6.965370e+06
6.426059e+06
6.426059e+06
6.426059e+06
6.426059e+06
6.426059e+06
6.426059e+06
6.426059e+06
6.426059e+06
6.164637e+06
5.818645e+06
5.818645e+06
5.768734e+06
5.728884e+06
5.593529e+06
5.583786e+06
5.507020e+06
5.238267e+06
4.713485e+06
4.713485e+06
4.713485e+06
4.567413e+06
4.567413e+06
4.446448e+06
4.446448e+06
4.297036e+06
4.178212e+06
4.178212e+06
3.679075e+06
3.679075e+06
3.679075e+06
3.679075e+06
3.367400e+06
3.367400e+06
3.367400e+06
3.176716e+06
3.176716e+06
3.029211e+06
3.029211e+06
2.992252e+06
2.992252e+06
2.951726e+06
2.838793e+06
2.689939e+06
2.689939e+06
2.622809e+06
2.622809e+06
2.622809e+06
2.613273e+06
2.336057e+06
2.187464e+06
2.184736e+06
2.184736e+06
2.184736e+06
2.184394e+06
2.120991e+06
2.100018e+06
2.100018e+06
1.978070e+06
1.921037e+06
1.861754e+06
1.857134e+06
1.857134e+06
1.794733e+06
1.794733e+06
1.671063e+06
1.671063e+06
1.638803e+06
1.635864e+06
1.627617e+06
1.612097e+06
1.605019e+06
1.605019e+06
1.493556e+06
1.474815e+06
1.462619e+06
1.453080e+06
1.388669e+06
1.388669e+06
1.388669e+06
1.388669e+06
1.388669e+06
1.342924e+06
1.267308e+06
1.210610e+06
1.151797e+06
1.151797e+06
1.151797e+06
1.151797e+06
1.151797e+06
1.140961e+06
1.140961e+06
1.140961e+06
1.060065e+06
9.702746e+05
9.702746e+05
9.702746e+05
9.330119e+05
9.330119e+05
8.867005e+05
8.640417e+05
8.261022e+05
7.892436e+05
7.892436e+05
7.892436e+05
7.892436e+05
7.892436e+05
7.696004e+05
7.696004e+05
7.549432e+05
7.549432e+05
7.549432e+05
7.266113e+05
7.266113e+05
7.266113e+05
7.266113e+05
7.117871e+05
6.530184e+05
6.530184e+05
6.468852e+05
6.468852e+05
6.468852e+05
6.468852e+05
6.468852e+05
6.468852e+05
6.468852e+05
6.276954e+05
6.222736e+05
6.222736e+05
6.222736e+05
5.859963e+05
5.859963e+05
5.728688e+05
5.728688e+05
5.728688e+05
5.389847e+05
5.389847e+05
5.389847e+05
5.389847e+05
5.380920e+05
5.380920e+05
5.345802e+05
5.119935e+05
5.119935e+05
4.978111e+05
4.978111e+05
4.978111e+05
4.978111e+05
4.978111e+05
4.978111e+05
4.894824e+05
4.882950e+05
4.733475e+05
4.733475e+05
4.733475e+05
4.733475e+05
4.531007e+05
4.531007e+05
4.453888e+05
4.414662e+05
4.399761e+05
4.399761e+05
4.313532e+05
4.313532e+05
4.313532e+05
4.313532e+05
4.313532e+05
4.313532e+05
4.313532e+05
4.235184e+05
4.175635e+05
4.175635e+05
3.971228e+05
3.971228e+05
3.971228e+05
3.971228e+05
3.971228e+05
3.971228e+05
3.924920e+05
3.923713e+05
3.923713e+05
3.710025e+05
3.710025e+05
3.710025e+05
3.710025e+05
3.709847e+05
3.648434e+05
3.648434e+05
3.600614e+05
3.600614e+05
3.576005e+05
3.576005e+05
3.502853e+05
3.478829e+05
3.345543e+05
3.345543e+05
3.345543e+05
3.345543e+05
3.345543e+05
3.253030e+05
3.253030e+05
3.253030e+05
3.253030e+05
3.230601e+05
3.230601e+05
3.181274e+05
3.181274e+05
3.181274e+05
3.120795e+05
3.031294e+05
3.031294e+05
3.031294e+05
2.989689e+05
2.989689e+05
2.989689e+05
2.983199e+05
2.928735e+05
2.896055e+05
2.812104e+05
2.795488e+05
2.795488e+05
2.764022e+05
2.764022e+05
2.623681e+05
2.623681e+05
2.623681e+05
2.623681e+05
2.610576e+05
2.587506e+05
2.521622e+05
2.504001e+05
2.504001e+05
2.445443e+05
2.362408e+05
2.362408e+05
2.362408e+05
2.362408e+05
2.244717e+05
2.232832e+05
2.232832e+05
2.232832e+05
2.232832e+05
2.131502e+05
2.131502e+05
2.131502e+05
2.131502e+05
2.131502e+05
2.112890e+05
2.112890e+05
2.112890e+05
2.112890e+05
2.097455e+05
2.065982e+05
2.065982e+05
2.060557e+05
2.040661e+05
2.031954e+05
2.025106e+05
2.012316e+05
2.012316e+05
2.012316e+05
1.998964e+05
1.981097e+05
1.966419e+05
1.965873e+05
1.933807e+05
1.933807e+05
1.933807e+05
1.933807e+05
1.919793e+05
1.900993e+05
1.900993e+05
1.896565e+05
1.896565e+05
1.886344e+05
1.862331e+05
1.862331e+05
1.855285e+05
1.855285e+05
1.855285e+05
1.852847e+05
1.832406e+05
1.812871e+05
1.812871e+05
1.790795e+05
1.772774e+05
1.772774e+05
1.772774e+05
1.767668e+05
1.753906e+05
1.753906e+05
1.753906e+05
1.753906e+05
1.752063e+05
1.752063e+05
1.707420e+05
1.707420e+05
1.707420e+05
1.707420e+05
1.707420e+05
1.707420e+05
1.690347e+05
1.684753e+05
1.672365e+05
1.664391e+05
1.664391e+05
1.664391e+05
1.662995e+05
1.662259e+05
1.638237e+05
1.632767e+05
1.632767e+05
1.612381e+05
1.612381e+05
1.607895e+05
1.607895e+05
1.600750e+05
1.588796e+05
1.564652e+05
1.564652e+05
1.558148e+05
1.554974e+05
1.554974e+05
1.554974e+05
1.492592e+05
1.492592e+05
1.492592e+05
1.492592e+05
1.487916e+05
1.487916e+05
1.487916e+05
1.487916e+05
1.485924e+05
1.451982e+05
1.451982e+05
1.439823e+05
1.439823e+05
1.439823e+05
1.439823e+05
1.429918e+05
1.422376e+05
1.422376e+05
1.422376e+05
1.420191e+05
1.413185e+05
1.406984e+05
1.401389e+05
1.386934e+05
1.386934e+05
1.376160e+05
1.357215e+05
1.357215e+05
1.357215e+05
1.336796e+05
1.336796e+05
1.336796e+05
1.320454e+05
1.320454e+05
1.313201e+05
1.313201e+05
1.313201e+05
1.290592e+05
1.290592e+05
1.290592e+05
1.282120e+05
1.282120e+05
1.282120e+05
1.277262e+05
1.258027e+05
1.256219e+05
1.242660e+05
1.229615e+05
1.229615e+05
1.228009e+05
1.225571e+05
1.201818e+05
1.172929e+05
1.148390e+05
1.148390e+05
1.095939e+05
1.047118e+05
1.047118e+05
1.047118e+05
1.024358e+05
1.024358e+05
1.024358e+05
1.022940e+05
1.022940e+05
1.010084e+05
1.004655e+05
9.973405e+04
9.889937e+04
9.739305e+04
9.626197e+04
9.626197e+04
9.122120e+04
8.765641e+04
8.746626e+04
8.746626e+04
8.746626e+04
8.746626e+04
8.746626e+04
8.590084e+04
8.459361e+04
8.442958e+04
8.389435e+04
8.209753e+04
8.209753e+04
8.052363e+04
7.986369e+04
7.986369e+04
7.986369e+04
7.972411e+04
7.813936e+04
7.723898e+04
7.723898e+04
7.723898e+04
7.723898e+04
7.624744e+04
7.624744e+04
7.624744e+04
7.610020e+04
7.610020e+04
7.583851e+04
7.583851e+04
7.583851e+04
7.544204e+04
7.526463e+04
7.454635e+04
7.452106e+04
7.436472e+04
7.436472e+04
7.401501e+04
7.387988e+04
7.387988e+04
7.375593e+04
7.185316e+04
7.185316e+04
7.185316e+04
7.185316e+04
7.185316e+04
7.185316e+04
7.051622e+04
7.051622e+04
7.051622e+04
7.005969e+04
6.960331e+04
6.960331e+04
6.956903e+04
6.956903e+04
6.876756e+04
6.876756e+04
6.876756e+04
6.835341e+04
6.832501e+04
6.643118e+04
6.632335e+04
6.632335e+04
6.632335e+04
6.632335e+04
6.579385e+04
6.579385e+04
6.488400e+04
6.475024e+04
6.475024e+04
6.455618e+04
6.381448e+04
6.380832e+04
6.309352e+04
6.309352e+04
6.247957e+04
6.247957e+04
6.247957e+04
6.247957e+04
6.109817e+04
6.109817e+04
6.108522e+04
6.108522e+04
6.051592e+04
5.990871e+04
5.990871e+04
5.990871e+04
5.990871e+04
5.990871e+04
5.901124e+04
5.901124e+04
5.884954e+04
5.876777e+04
5.838256e+04
5.838256e+04
5.838256e+04
5.834196e+04
5.815313e+04
5.756703e+04
5.583640e+04
5.583640e+04
5.583640e+04
5.583640e+04
5.583640e+04
5.583640e+04
5.581753e+04
5.503569e+04
5.503569e+04
5.496067e+04
5.496067e+04
5.496067e+04
5.465116e+04
5.413238e+04
5.413238e+04
5.394754e+04
5.394754e+04
5.371991e+04
5.371991e+04
5.371991e+04
5.369382e+04
5.349625e+04
5.349625e+04
5.349625e+04
5.326832e+04
5.315209e+04
5.237276e+04
5.237276e+04
5.237276e+04
5.237276e+04
5.162258e+04
5.162258e+04
5.162258e+04
5.162258e+04
5.142139e+04
5.121932e+04
5.121932e+04
5.111034e+04
5.075179e+04
5.044717e+04
4.933206e+04
4.932884e+04
4.932884e+04
4.932884e+04
4.932884e+04
4.924648e+04
4.924648e+04
4.881592e+04
4.853085e+04
4.763452e+04
4.763452e+04
4.740991e+04
4.740991e+04
4.708848e+04
4.620054e+04
4.555108e+04
4.555108e+04
4.528536e+04
4.496865e+04
4.476264e+04
4.476264e+04
4.475254e+04
4.369927e+04
4.369927e+04
4.369927e+04
4.360333e+04
4.314081e+04
4.314081e+04
4.269589e+04
4.229015e+04
4.183004e+04
4.149971e+04
4.148331e+04
4.148331e+04
4.148331e+04
4.148331e+04
4.026210e+04
4.026210e+04
4.026210e+04
4.024071e+04
4.024071e+04
3.968972e+04
3.968972e+04
3.968972e+04
3.968972e+04
3.922795e+04
3.922795e+04
3.922795e+04
3.905056e+04
3.892105e+04
3.867255e+04
3.867255e+04
3.860775e+04
3.804360e+04
3.780389e+04
3.780389e+04
3.780389e+04
3.780389e+04
3.780389e+04
3.761442e+04
3.761442e+04
3.698427e+04
3.664256e+04
3.604772e+04
3.604772e+04
3.604772e+04
3.591786e+04
3.586274e+04
3.560300e+04
3.560300e+04
3.560300e+04
3.545445e+04
3.439300e+04
3.433219e+04
3.433219e+04
3.433219e+04
3.433219e+04
3.433219e+04
3.417877e+04
3.400691e+04
3.381223e+04
3.361780e+04
3.288991e+04
3.230964e+04
3.230964e+04
3.230964e+04
3.230964e+04
3.227372e+04
3.227372e+04
3.227372e+04
3.198530e+04
3.139308e+04
3.093781e+04
3.093781e+04
3.093781e+04
3.057944e+04
3.057944e+04
3.057944e+04
3.046074e+04
3.008909e+04
2.898195e+04
2.898195e+04
2.898195e+04
2.854674e+04
2.815520e+04
2.787451e+04
2.787451e+04
2.787451e+04
2.787451e+04
2.786485e+04
2.779344e+04
2.746399e+04
2.733662e+04
2.719892e+04
2.694983e+04
2.694983e+04
2.659235e+04
2.659235e+04
2.658228e+04
2.643770e+04
2.643770e+04
2.629936e+04
2.594333e+04
2.571267e+04
2.552754e+04
2.549733e+04
2.549733e+04
2.541356e+04
2.541356e+04
2.533040e+04
2.533040e+04
2.533040e+04
2.505963e+04
2.505963e+04
2.446115e+04
2.446115e+04
2.446115e+04
2.436951e+04
2.436951e+04
2.436951e+04
2.423957e+04
2.421989e+04
2.411056e+04
2.405421e+04
2.403013e+04
2.367559e+04
2.350558e+04
2.347734e+04
2.347734e+04
2.347734e+04
2.347734e+04
2.313657e+04
2.313657e+04
2.309574e+04
2.309574e+04
2.309574e+04
2.308248e+04
2.308248e+04
2.308248e+04
2.307897e+04
2.307897e+04
2.300355e+04
2.297443e+04
2.291244e+04
2.291244e+04
2.284884e+04
2.284884e+04
2.276065e+04
2.276065e+04
2.276065e+04
2.276065e+04
2.276065e+04
2.276065e+04
2.270532e+04
2.263691e+04
2.263691e+04
2.245318e+04
2.241204e+04
2.241204e+04
2.235443e+04
2.235443e+04
2.234956e+04
2.216441e+04
2.216441e+04
2.216441e+04
2.216441e+04
2.212419e+04
2.206516e+04
2.206516e+04
2.204496e+04
2.203349e+04
2.201009e+04
2.191283e+04
2.186080e+04
2.179247e+04
2.176428e+04
2.176428e+04
2.176428e+04
2.176428e+04
2.176428e+04
2.176428e+04
2.167140e+04
2.167140e+04
2.159090e+04
2.145597e+04
2.145597e+04
2.144553e+04
2.134097e+04
2.134097e+04
2.129748e+04
2.129748e+04
2.129748e+04
2.129324e+04
2.129324e+04
2.128879e+04
2.120009e+04
2.104014e+04
2.086770e+04
2.086770e+04
2.081646e+04
2.080731e+04
2.077668e+04
2.072897e+04
2.070645e+04
2.070645e+04
2.059091e+04
2.059091e+04
2.059091e+04
2.048886e+04
2.039707e+04
2.039707e+04
2.039707e+04
2.037459e+04
2.022116e+04
2.022116e+04
2.013462e+04
1.990062e+04
1.990062e+04
1.990062e+04
1.986515e+04
1.971926e+04
1.965740e+04
1.955371e+04
1.945285e+04
1.945285e+04
1.945285e+04
1.938310e+04
1.934962e+04
1.908461e+04
1.908461e+04
1.908461e+04
1.908461e+04
1.908461e+04
1.898213e+04
1.898213e+04
1.898213e+04
1.895967e+04
1.895967e+04
1.895967e+04
1.883889e+04
1.883889e+04
1.883889e+04
1.883889e+04
1.870642e+04
1.870642e+04
1.869942e+04
1.869942e+04
1.848983e+04
1.848983e+04
1.848983e+04
1.848983e+04
1.842860e+04
1.838850e+04
1.829694e+04
1.829694e+04
1.829694e+04
1.827034e+04
1.819643e+04
1.818186e+04
1.813675e+04
1.813675e+04
1.793285e+04
1.793285e+04
1.781440e+04
1.753603e+04
1.753603e+04
1.753603e+04
1.753603e+04
1.735460e+04
1.714936e+04
1.682658e+04
1.667444e+04
1.667444e+04
1.662341e+04
1.662341e+04
1.644654e+04
1.644654e+04
1.637631e+04
1.600149e+04
1.600149e+04
1.600149e+04
1.600149e+04
1.600149e+04
1.600149e+04
1.600149e+04
1.600149e+04
1.600149e+04
1.595854e+04
1.591762e+04
1.588879e+04
1.588754e+04
1.568215e+04
1.566781e+04
1.566781e+04
1.553791e+04
1.553791e+04
1.553791e+04
1.553791e+04
1.553791e+04
1.548620e+04
1.548620e+04
1.536360e+04
1.536360e+04
1.536360e+04
1.536360e+04
1.536360e+04
1.536360e+04
1.534276e+04
1.522636e+04
1.518968e+04
1.518968e+04
1.502056e+04
1.502056e+04
1.502056e+04
1.501408e+04
1.499772e+04
1.499772e+04
1.499772e+04
1.499336e+04
1.495298e+04
1.488027e+04
1.488027e+04
1.475111e+04
1.475111e+04
1.475111e+04
1.475111e+04
1.463508e+04
1.463508e+04
1.463459e+04
1.452329e+04
1.452329e+04
1.452329e+04
1.452329e+04
1.451014e+04
1.448115e+04
1.444650e+04
1.444650e+04
1.444650e+04
1.433812e+04
1.433597e+04
1.433597e+04
1.433597e+04
1.430636e+04
1.421426e+04
1.418406e+04
1.418406e+04
1.414615e+04
1.401264e+04
1.401264e+04
1.380175e+04
1.380175e+04
1.380175e+04
1.374864e+04
1.374864e+04
1.374864e+04
1.374864e+04
1.374864e+04
1.373773e+04
1.371516e+04
1.367684e+04
1.367684e+04
1.341063e+04
1.341063e+04
1.341063e+04
1.341063e+04
1.329329e+04
1.329329e+04
1.329329e+04
1.329329e+04
1.329329e+04
1.327346e+04
1.327346e+04
1.316134e+04
1.304918e+04
1.304918e+04
1.304918e+04
1.304918e+04
1.301207e+04
1.300635e+04
1.300635e+04
1.291444e+04
1.291444e+04
1.280407e+04
1.280407e+04
1.280407e+04
1.280407e+04
1.280407e+04
1.275341e+04
1.274689e+04
1.269550e+04
1.269550e+04
1.266095e+04
1.262908e+04
1.251793e+04
1.251793e+04
1.235261e+04
1.235261e+04
1.235261e+04
1.234729e+04
1.228934e+04
1.225076e+04
1.220522e+04
1.213668e+04
1.206139e+04
1.206139e+04
1.200781e+04
1.192326e+04
1.192326e+04
1.191538e+04
1.185836e+04
1.185836e+04
1.183960e+04
1.183960e+04
1.183577e+04
1.173589e+04
1.173589e+04
1.171615e+04
1.171615e+04
1.171615e+04
1.164444e+04
1.164444e+04
1.161913e+04
1.157167e+04
1.157167e+04
1.153903e+04
1.152547e+04
1.152547e+04
1.152547e+04
1.152547e+04
1.145706e+04
1.131538e+04
1.131538e+04
1.131538e+04
1.129734e+04
1.129734e+04
1.129734e+04
1.118790e+04
1.114547e+04
1.114547e+04
1.114547e+04
1.113901e+04
1.113901e+04
1.109780e+04
1.109780e+04
1.097850e+04
1.097850e+04
1.097850e+04
1.093327e+04
1.089458e+04
1.087526e+04
1.083003e+04
1.083003e+04
1.083003e+04
1.083003e+04
1.073056e+04
1.073056e+04
1.071770e+04
1.071770e+04
1.071770e+04
1.071770e+04
1.070747e+04
1.069006e+04
1.066638e+04
1.065451e+04
1.055511e+04
1.055511e+04
1.055511e+04
1.048539e+04
1.048539e+04
1.048539e+04
1.048539e+04
1.048539e+04
1.048539e+04
1.043345e+04
1.042046e+04
1.037566e+04
1.031693e+04
1.030333e+04
1.026120e+04
1.024252e+04
1.024252e+04
1.024252e+04
1.021084e+04
1.009336e+04
1.007591e+04
1.006212e+04
9.997641e+03
9.997641e+03
9.997641e+03
9.997641e+03
9.968191e+03
9.963616e+03
9.903976e+03
9.903976e+03
9.903976e+03
9.886967e+03
9.847403e+03
9.832758e+03
9.819325e+03
9.816888e+03
9.766555e+03
9.766555e+03
9.766555e+03
9.747779e+03
9.747779e+03
9.739399e+03
9.698224e+03
9.698224e+03
9.681066e+03
9.675384e+03
9.673577e+03
9.632421e+03
9.625281e+03
9.573098e+03
9.555071e+03
9.525202e+03
9.525202e+03
9.525202e+03
9.525202e+03
9.521954e+03
9.502462e+03
9.443311e+03
9.443311e+03
9.443311e+03
9.443311e+03
9.427411e+03
9.427411e+03
9.418706e+03
9.343694e+03
9.314222e+03
9.314222e+03
9.314222e+03
9.314222e+03
9.291454e+03
9.225211e+03
9.225211e+03
9.211058e+03
9.193200e+03
9.167302e+03
9.139137e+03
9.072576e+03
9.070646e+03
9.070646e+03
9.055937e+03
9.031319e+03
9.031136e+03
8.986183e+03
8.986183e+03
8.847898e+03
8.815049e+03
8.815049e+03
8.815049e+03
8.815049e+03
8.815049e+03
8.789728e+03
8.789728e+03
8.789728e+03
8.781934e+03
8.778455e+03
8.752423e+03
8.718676e+03
8.718676e+03
8.697362e+03
8.682041e+03
8.680293e+03
8.616639e+03
8.616639e+03
8.616639e+03
8.605045e+03
8.603243e+03
8.594903e+03
8.566229e+03
8.566229e+03
8.564216e+03
8.525900e+03
8.525900e+03
8.520829e+03
8.520829e+03
8.499485e+03
8.499485e+03
8.499485e+03
8.499485e+03
8.499485e+03
8.454725e+03
8.454725e+03
8.446563e+03
8.446563e+03
8.437108e+03
8.437108e+03
8.419132e+03
8.402880e+03
8.402880e+03
8.402880e+03
8.393041e+03
8.388313e+03
8.364903e+03
8.329480e+03
8.302046e+03
8.295381e+03
8.295381e+03
8.285667e+03
8.255718e+03
8.229416e+03
8.229416e+03
8.229416e+03
8.229416e+03
8.215223e+03
8.159318e+03
8.159318e+03
8.159318e+03
8.159318e+03
8.148189e+03
8.116622e+03
8.116622e+03
8.116622e+03
8.085979e+03
8.084364e+03
8.082529e+03
8.013803e+03
8.013803e+03
8.013803e+03
8.013803e+03
8.011013e+03
8.008817e+03
7.984971e+03
7.977361e+03
7.898868e+03
7.898868e+03
7.897533e+03
7.891093e+03
7.836944e+03
7.822635e+03
7.802815e+03
7.797918e+03
7.797918e+03
7.796384e+03
7.780461e+03
7.780461e+03
7.719000e+03
7.663819e+03
7.663819e+03
7.663819e+03
7.663819e+03
7.637784e+03
7.600759e+03
7.598535e+03
7.574341e+03
7.567081e+03
7.567081e+03
7.567081e+03
7.537151e+03
7.537151e+03
7.486345e+03
7.486345e+03
7.481235e+03
7.481235e+03
7.451063e+03
7.451063e+03
7.443617e+03
7.443617e+03
7.443617e+03
7.443617e+03
7.416551e+03
7.398833e+03
7.398833e+03
7.395355e+03
7.384242e+03
7.374203e+03
7.374203e+03
7.373335e+03
7.368067e+03
7.360514e+03
7.360514e+03
7.336411e+03
7.287631e+03
7.287631e+03
7.250055e+03
7.243610e+03
7.237297e+03
7.175489e+03
7.140618e+03
7.140618e+03
7.140618e+03
7.140618e+03
7.128864e+03
7.118972e+03
7.118972e+03
7.100350e+03
7.093386e+03
6.956270e+03
6.956270e+03
6.956270e+03
6.956270e+03
6.956270e+03
6.956270e+03
6.956270e+03
6.902858e+03
6.882299e+03
6.880203e+03
6.880203e+03
6.848610e+03
6.848610e+03
6.848610e+03
6.845969e+03
6.843706e+03
6.826898e+03
6.809506e+03
6.736871e+03
6.728582e+03
6.639406e+03
6.639406e+03
6.637361e+03
6.619915e+03
6.594803e+03
6.535728e+03
6.501695e+03
6.464636e+03
6.414569e+03
6.351000e+03
6.351000e+03
6.308065e+03
6.211011e+03
6.181339e+03
6.071821e+03
5.995184e+03
5.995184e+03
5.995184e+03
5.995184e+03
5.995184e+03
5.995184e+03
5.995184e+03
5.964160e+03
5.963562e+03
5.963562e+03
5.894269e+03
5.850057e+03
5.847176e+03
5.826227e+03
5.665270e+03
5.665270e+03
5.501901e+03
5.501901e+03
5.501901e+03
5.501901e+03
5.485129e+03
5.473399e+03
5.428585e+03
5.422437e+03
5.422437e+03
5.422437e+03
5.262708e+03
5.262708e+03
5.216190e+03
5.216190e+03
5.216190e+03
5.216190e+03
5.216190e+03
5.216190e+03
5.216190e+03
5.216190e+03
5.194974e+03
5.188947e+03
5.120288e+03
5.120288e+03
5.120288e+03
5.120288e+03
5.087038e+03
5.065181e+03
5.039152e+03
5.009194e+03
5.009194e+03
5.009194e+03
4.928118e+03
4.829718e+03
4.829718e+03
4.708108e+03
4.708108e+03
4.708108e+03
4.708108e+03
4.614174e+03
4.614174e+03
4.561663e+03
4.556257e+03
4.556132e+03
4.551578e+03
4.526474e+03
4.500512e+03
4.382891e+03
4.382891e+03
4.382891e+03
4.382891e+03
4.359968e+03
4.285513e+03
4.005589e+03
4.005589e+03
4.005589e+03
4.005589e+03
4.005589e+03
4.005589e+03
3.956702e+03
3.956702e+03
3.956702e+03
3.956702e+03
3.937878e+03
3.888674e+03
3.864478e+03
3.854219e+03
3.854219e+03
3.854219e+03
3.854219e+03
3.854219e+03
3.818404e+03
3.794668e+03
3.794668e+03
3.736367e+03
3.736367e+03
3.736367e+03
3.736367e+03
3.736367e+03
3.719776e+03
3.654517e+03
3.622286e+03
3.622286e+03
3.528215e+03
3.528215e+03
3.492872e+03
3.469217e+03
3.469217e+03
3.469217e+03
3.450734e+03
3.450734e+03
3.450734e+03
3.432819e+03
3.432819e+03
3.406015e+03
3.406015e+03
3.355263e+03
3.355263e+03
3.315512e+03
3.315512e+03
3.315512e+03
3.315512e+03
3.315512e+03
3.315512e+03
3.297219e+03
3.297219e+03
3.292111e+03
3.230316e+03
3.173937e+03
3.173937e+03
3.173937e+03
3.173937e+03
3.166011e+03
3.155011e+03
3.122890e+03
3.122890e+03
3.106168e+03
3.106168e+03
3.106168e+03
3.073513e+03
3.020820e+03
3.020820e+03
3.020820e+03
3.020820e+03
3.020820e+03
2.984395e+03
2.980820e+03
2.973015e+03
2.960397e+03
2.953583e+03
2.930572e+03
2.930572e+03
2.930572e+03
2.918191e+03
2.897805e+03
2.897805e+03
2.883418e+03
2.847677e+03
2.847677e+03
2.847677e+03
2.840171e+03
2.840171e+03
2.795187e+03
2.795187e+03
2.795187e+03
2.777701e+03
2.766436e+03
2.766436e+03
2.766436e+03
2.766436e+03
2.766436e+03
2.766436e+03
2.742286e+03
2.742286e+03
2.730597e+03
2.730597e+03
2.730597e+03
2.728584e+03
2.728584e+03
2.728584e+03
2.706152e+03
2.706152e+03
2.702684e+03
2.690957e+03
2.689311e+03
2.682408e+03
2.659385e+03
2.655230e+03
2.626245e+03
2.622175e+03
2.609562e+03
2.603239e+03
2.551380e+03
2.551380e+03
2.551380e+03
2.551380e+03
2.551380e+03
2.551380e+03
2.551380e+03
2.551380e+03
2.519200e+03
2.507690e+03
2.507690e+03
2.507690e+03
2.484454e+03
2.484454e+03
2.473913e+03
2.473913e+03
2.461261e+03
2.452738e+03
2.438676e+03
2.438676e+03
2.409060e+03
2.409060e+03
2.397315e+03
2.297919e+03
2.297919e+03
2.297919e+03
2.297919e+03
2.297919e+03
2.297919e+03
2.297919e+03
2.214987e+03
2.213595e+03
2.213595e+03
2.213595e+03
2.213595e+03
2.213595e+03
2.197445e+03
2.187282e+03
2.173893e+03
2.173893e+03
2.080926e+03
2.080926e+03
2.080926e+03
2.080926e+03
2.077542e+03
2.066296e+03
2.045336e+03
2.045336e+03
2.041342e+03
2.041342e+03
1.989689e+03
1.907622e+03
1.907622e+03
1.907622e+03
1.907622e+03
1.907622e+03
1.907622e+03
1.907622e+03
1.845942e+03
1.845942e+03
1.845942e+03
1.845942e+03
1.845942e+03
1.845942e+03
1.845942e+03
1.833625e+03
1.833625e+03
1.831863e+03
1.819336e+03
1.756388e+03
1.756388e+03
1.753023e+03
1.753023e+03
1.753023e+03
1.714330e+03
1.714330e+03
1.714330e+03
1.704202e+03
1.670399e+03
1.670399e+03
1.670399e+03
1.666949e+03
1.666949e+03
1.666949e+03
1.666949e+03
1.666949e+03
1.664237e+03
1.664237e+03
1.640715e+03
1.640715e+03
1.640715e+03
1.631013e+03
1.631013e+03
1.631013e+03
1.612139e+03
1.612139e+03
1.612139e+03
1.612139e+03
1.580428e+03
1.580428e+03
1.580428e+03
1.564219e+03
1.564219e+03
1.562388e+03
1.528701e+03
1.528701e+03
1.509028e+03
1.509028e+03
1.509028e+03
1.509028e+03
1.509028e+03
1.509028e+03
1.472040e+03
1.472040e+03
1.461529e+03
1.461529e+03
1.461529e+03
1.456778e+03
1.456778e+03
1.456778e+03
1.419759e+03
1.419759e+03
1.414582e+03
1.414582e+03
1.397043e+03
1.396295e+03
1.388391e+03
1.388391e+03
1.388391e+03
1.379425e+03
1.379425e+03
1.379425e+03
1.379425e+03
1.367983e+03
1.355288e+03
1.352790e+03
1.348298e+03
1.348298e+03
1.348298e+03
1.338471e+03
1.338471e+03
1.329911e+03
1.325676e+03
1.310198e+03
1.310198e+03
1.308865e+03
1.308865e+03
1.289406e+03
1.277928e+03
1.277928e+03
1.277928e+03
1.273758e+03
1.250759e+03
1.250759e+03
1.250759e+03
1.250759e+03
1.176879e+03
1.176879e+03
1.176879e+03
1.176879e+03
1.173333e+03
1.173333e+03
1.169057e+03
1.167338e+03
1.166163e+03
1.139740e+03
1.139740e+03
1.139740e+03
1.101105e+03
1.101105e+03
1.088401e+03
1.088401e+03
1.088401e+03
1.088401e+03
1.085207e+03
1.085207e+03
1.061713e+03
1.057916e+03
1.057916e+03
1.055647e+03
1.055276e+03
1.055276e+03
1.045892e+03
1.043749e+03
1.037533e+03
1.037533e+03
1.034003e+03
1.034003e+03
1.034003e+03
1.011513e+03
1.011513e+03
1.011513e+03
1.011513e+03
9.844014e+02
9.844014e+02
9.844014e+02
9.829770e+02
9.829770e+02
9.805240e+02
9.805240e+02
9.805240e+02
9.805240e+02
9.628666e+02
9.589346e+02
9.557920e+02
9.557920e+02
9.557920e+02
9.557920e+02
9.557920e+02
9.452363e+02
9.452363e+02
9.452363e+02
9.120029e+02
9.120029e+02
9.120029e+02
9.120029e+02
9.120029e+02
9.045772e+02
9.045772e+02
9.045772e+02
9.035239e+02
9.035239e+02
8.966108e+02
8.697720e+02
8.697720e+02
8.697720e+02
8.697720e+02
8.437475e+02
8.437475e+02
8.437475e+02
8.437475e+02
8.437475e+02
8.437475e+02
8.437475e+02
8.437475e+02
8.437475e+02
8.425034e+02
8.421349e+02
8.421349e+02
8.359181e+02
8.340889e+02
8.218014e+02
8.218014e+02
8.184274e+02
8.184274e+02
8.184274e+02
8.141146e+02
8.141146e+02
8.100265e+02
8.064896e+02
8.064896e+02
8.064896e+02
8.064896e+02
8.064896e+02
7.971525e+02
7.793613e+02
7.793613e+02
7.793613e+02
7.659025e+02
7.594094e+02
7.591796e+02
7.576742e+02
7.576742e+02
7.453851e+02
7.432009e+02
7.327438e+02
7.259554e+02
7.259554e+02
7.259554e+02
7.259554e+02
7.250387e+02
7.250387e+02
7.247671e+02
7.178194e+02
7.178194e+02
7.163045e+02
7.046614e+02
7.046614e+02
7.046614e+02
7.016194e+02
7.016194e+02
7.016194e+02
7.006055e+02
7.006055e+02
7.006055e+02
6.964109e+02
6.891826e+02
6.810195e+02
6.810195e+02
6.810195e+02
6.810195e+02
6.754559e+02
6.717277e+02
6.703105e+02
6.703105e+02
6.703105e+02
6.632125e+02
6.632125e+02
6.632125e+02
6.573249e+02
6.449803e+02
6.449803e+02
6.449803e+02
6.449803e+02
6.449803e+02
6.449803e+02
6.436149e+02
6.436149e+02
6.354141e+02
6.354141e+02
6.102269e+02
5.924591e+02
5.924591e+02
5.924591e+02
5.924591e+02
5.904548e+02
5.809192e+02
5.809192e+02
5.727603e+02
5.727603e+02
5.719044e+02
5.719044e+02
5.719044e+02
5.719044e+02
5.719044e+02
5.719044e+02
5.696357e+02
5.683911e+02
5.678800e+02
5.648485e+02
5.446902e+02
5.446902e+02
5.446902e+02
5.446902e+02
5.446902e+02
5.446902e+02
5.446902e+02
5.446902e+02
5.434489e+02
5.434489e+02
5.434489e+02
5.434489e+02
5.406916e+02
5.349443e+02
5.349443e+02
5.349443e+02
5.349443e+02
5.341099e+02
5.341099e+02
5.285263e+02
5.285263e+02
5.285263e+02
5.246597e+02
5.223664e+02
