2.341986e+02
2.341986e+02
2.341986e+02
2.341986e+02
1.897996e+02
1.897996e+02
1.897996e+02
1.897996e+02
1.897996e+02
1.897996e+02
1.897996e+02
1.897996e+02
1.897996e+02
1.897996e+02
1.897996e+02
1.897996e+02
1.897996e+02
1.897996e+02
1.897996e+02
1.897996e+02
1.897996e+02
1.897996e+02
1.897996e+02
1.743372e+02
1.743372e+02
1.743372e+02
1.743372e+02
1.743372e+02
1.543755e+02
1.543755e+02
1.543755e+02
1.543755e+02
1.543755e+02
1.543755e+02
1.543755e+02
1.543755e+02
1.543755e+02
1.543755e+02
1.543755e+02
1.543755e+02
1.543755e+02
1.543755e+02
1.543755e+02
1.543755e+02
1.543755e+02
1.543755e+02
1.543755e+02
1.543755e+02
1.543755e+02
1.543755e+02
1.543755e+02
1.543755e+02
1.543755e+02
1.543755e+02
1.543755e+02
1.543755e+02
1.512525e+02
1.512525e+02
1.512525e+02
1.512525e+02
1.512525e+02
1.462960e+02
1.462960e+02
1.462960e+02
1.462960e+02
1.462960e+02
1.462960e+02
1.462960e+02
1.462960e+02
1.462960e+02
1.462960e+02
1.462960e+02
1.462960e+02
1.462960e+02
1.462960e+02
1.462960e+02
1.462960e+02
1.462960e+02
1.462960e+02
1.462960e+02
1.462960e+02
1.462960e+02
1.462960e+02
1.462960e+02
1.462960e+02
1.462960e+02
1.462960e+02
1.462960e+02
1.462960e+02
1.462960e+02
1.462960e+02
1.462960e+02
1.462960e+02
1.462960e+02
1.462960e+02
1.462960e+02
1.462960e+02
1.462960e+02
1.462960e+02
1.462960e+02
1.462960e+02
1.462960e+02
1.462960e+02
1.462960e+02
1.462960e+02
1.462960e+02
1.462960e+02
1.462960e+02
1.462960e+02
1.462960e+02
1.462960e+02
1.462960e+02
1.426687e+02
1.426687e+02
1.426687e+02
1.426687e+02
1.426687e+02
1.426687e+02
1.426687e+02
1.426687e+02
1.426687e+02
1.426687e+02
1.426687e+02
1.426687e+02
1.426687e+02
1.426687e+02
1.426687e+02
1.426687e+02
1.426687e+02
1.426687e+02
1.426687e+02
1.426687e+02
1.426687e+02
1.426687e+02
1.426687e+02
1.426687e+02
1.426687e+02
1.426687e+02
1.426687e+02
1.426687e+02
1.426687e+02
1.426687e+02
1.426687e+02
1.426687e+02
1.426687e+02
1.426687e+02
1.426687e+02
1.426687e+02
1.426687e+02
1.426687e+02
1.426687e+02
1.143524e+02
1.143524e+02
1.143524e+02
1.143524e+02
1.143524e+02
1.143524e+02
1.143524e+02
1.143524e+02
1.143524e+02
1.143524e+02
1.143524e+02
1.143524e+02
1.143524e+02
1.143524e+02
1.143524e+02
1.143524e+02
1.143524e+02
1.143524e+02
1.143524e+02
1.143524e+02
1.143524e+02
1.143524e+02
1.143524e+02
1.143524e+02
1.143524e+02
1.143524e+02
1.143524e+02
1.143524e+02
1.143524e+02
1.143524e+02
1.143524e+02
1.143524e+02
1.143524e+02
1.143524e+02
1.143524e+02
1.143524e+02
1.143524e+02
1.143524e+02
1.143524e+02
1.143524e+02
1.143524e+02
1.143524e+02
1.143524e+02
1.143524e+02
1.143524e+02
1.143524e+02
1.143524e+02
1.143524e+02
1.143524e+02
1.143524e+02
1.143524e+02
1.143524e+02
1.143524e+02
1.143524e+02
1.143524e+02
1.143524e+02
1.143524e+02
1.143524e+02
1.143524e+02
1.143524e+02
1.143524e+02
1.143524e+02
1.143524e+02
1.143524e+02
1.143524e+02
1.143524e+02
1.143524e+02
1.143524e+02
1.143524e+02
1.143524e+02
1.143524e+02
1.143524e+02
1.143524e+02
1.143524e+02
1.143524e+02
1.143524e+02
1.143524e+02
1.143524e+02
1.143524e+02
1.143524e+02
1.143524e+02
1.143524e+02
1.143524e+02
1.143524e+02
1.143524e+02
1.143524e+02
1.143524e+02
1.143524e+02
1.143524e+02
1.143524e+02
1.143524e+02
1.143524e+02
1.143524e+02
1.143524e+02
1.143524e+02
1.143524e+02
1.143524e+02
1.143524e+02
1.143524e+02
1.143524e+02
1.143524e+02
1.143524e+02
1.143524e+02
1.143524e+02
1.143524e+02
1.143524e+02
1.143524e+02
1.143524e+02
1.143524e+02
1.143524e+02
1.143524e+02
1.143524e+02
1.143524e+02
1.143524e+02
1.143524e+02
1.143524e+02
1.143524e+02
1.143524e+02
1.143524e+02
1.143524e+02
1.143524e+02
1.143524e+02
1.143524e+02
1.143524e+02
1.143524e+02
1.143524e+02
1.143524e+02
1.143524e+02
1.143524e+02
1.143524e+02
1.143524e+02
1.143524e+02
1.143524e+02
1.143524e+02
1.143524e+02
1.143524e+02
1.143524e+02
1.143524e+02
1.143524e+02
1.143524e+02
1.143524e+02
1.143524e+02
1.143524e+02
1.143524e+02
1.143524e+02
1.143524e+02
1.143524e+02
1.143524e+02
1.143524e+02
1.143524e+02
1.143524e+02
1.143524e+02
1.143524e+02
1.143524e+02
1.143524e+02
1.143524e+02
1.143524e+02
1.143524e+02
1.143524e+02
1.143524e+02
1.143524e+02
1.143524e+02
1.143524e+02
1.143524e+02
1.143524e+02
1.143524e+02
1.143524e+02
1.143524e+02
1.143524e+02
1.143524e+02
1.143524e+02
1.143524e+02
1.143524e+02
1.143524e+02
1.143524e+02
1.143524e+02
1.143524e+02
1.143524e+02
1.143524e+02
1.143524e+02
1.143524e+02
1.143524e+02
1.143524e+02
1.143524e+02
1.143524e+02
1.143524e+02
1.143524e+02
1.143524e+02
1.143524e+02
1.143524e+02
1.143524e+02
1.143524e+02
1.080112e+02
1.080112e+02
1.080112e+02
1.080112e+02
1.080112e+02
1.080112e+02
1.080112e+02
1.080112e+02
1.080112e+02
1.080112e+02
1.080112e+02
1.080112e+02
1.080112e+02
1.080112e+02
1.080112e+02
1.080112e+02
1.080112e+02
1.080112e+02
1.080112e+02
1.080112e+02
1.080112e+02
1.080112e+02
1.080112e+02
1.080112e+02
1.080112e+02
1.080112e+02
1.080112e+02
1.080112e+02
1.080112e+02
1.080112e+02
1.080112e+02
1.080112e+02
1.080112e+02
1.080112e+02
1.080112e+02
1.080112e+02
1.080112e+02
1.080112e+02
1.080112e+02
1.080112e+02
1.080112e+02
1.080112e+02
1.080112e+02
1.080112e+02
1.080112e+02
1.080112e+02
1.080112e+02
1.080112e+02
1.061888e+02
1.061888e+02
1.061888e+02
1.061888e+02
1.061888e+02
1.061888e+02
1.061888e+02
1.061888e+02
1.061888e+02
1.061888e+02
1.061888e+02
1.061888e+02
1.061888e+02
1.061888e+02
1.061888e+02
1.061888e+02
1.061888e+02
1.061888e+02
1.061888e+02
1.061888e+02
1.061888e+02
1.061888e+02
1.061888e+02
1.061888e+02
1.061888e+02
1.061888e+02
1.061888e+02
1.061888e+02
1.061888e+02
1.061888e+02
1.061888e+02
1.061888e+02
1.061888e+02
1.061888e+02
1.061888e+02
1.061888e+02
1.061888e+02
1.061888e+02
1.061888e+02
1.061888e+02
1.061888e+02
1.061888e+02
1.061888e+02
1.061888e+02
8.846751e+01
8.846751e+01
8.846751e+01
8.846751e+01
8.846751e+01
8.846751e+01
8.846751e+01
8.846751e+01
8.846751e+01
8.846751e+01
8.846751e+01
8.846751e+01
8.846751e+01
8.846751e+01
8.846751e+01
8.846751e+01
8.846751e+01
8.846751e+01
8.846751e+01
8.846751e+01
8.846751e+01
8.846751e+01
8.846751e+01
8.846751e+01
8.846751e+01
8.846751e+01
8.846751e+01
8.846751e+01
8.846751e+01
8.846751e+01
8.846751e+01
8.846751e+01
8.846751e+01
8.846751e+01
8.846751e+01
8.846751e+01
8.846751e+01
8.714569e+01
8.714569e+01
8.714569e+01
8.714569e+01
8.714569e+01
8.714569e+01
8.655473e+01
8.655473e+01
8.655473e+01
8.655473e+01
8.655473e+01
8.655473e+01
8.655473e+01
8.655473e+01
8.655473e+01
8.655473e+01
8.655473e+01
8.655473e+01
8.655473e+01
8.655473e+01
8.655473e+01
8.655473e+01
8.393539e+01
8.393539e+01
8.393539e+01
8.393539e+01
8.393539e+01
8.393539e+01
8.393539e+01
8.393539e+01
8.393539e+01
8.393539e+01
8.393539e+01
8.393539e+01
8.393539e+01
8.393539e+01
8.393539e+01
8.393539e+01
8.393539e+01
8.393539e+01
8.393539e+01
8.393539e+01
8.393539e+01
8.393539e+01
8.393539e+01
8.393539e+01
8.393539e+01
8.393539e+01
8.393539e+01
8.393539e+01
8.393539e+01
8.393539e+01
8.393539e+01
8.393539e+01
8.393539e+01
8.393539e+01
8.393539e+01
8.393539e+01
8.393539e+01
8.393539e+01
8.393539e+01
8.393539e+01
8.393539e+01
8.393539e+01
8.393539e+01
8.393539e+01
8.393539e+01
8.393539e+01
8.393539e+01
8.393539e+01
8.393539e+01
8.393539e+01
7.895561e+01
7.895561e+01
7.895561e+01
7.895561e+01
7.895561e+01
7.895561e+01
7.895561e+01
7.895561e+01
7.895561e+01
7.893252e+01
7.893252e+01
7.890735e+01
7.890735e+01
7.890735e+01
7.890735e+01
7.370989e+01
7.370989e+01
7.370989e+01
7.370989e+01
7.370989e+01
7.370989e+01
7.370989e+01
7.370989e+01
7.370989e+01
7.370989e+01
7.370989e+01
7.370989e+01
7.370989e+01
7.370989e+01
7.370989e+01
7.370989e+01
7.370989e+01
7.370989e+01
7.370989e+01
7.370989e+01
7.370989e+01
7.370989e+01
7.370989e+01
7.370989e+01
7.370989e+01
7.370989e+01
7.370989e+01
7.370989e+01
7.370989e+01
7.370989e+01
7.370989e+01
7.370989e+01
7.370989e+01
7.370989e+01
7.370989e+01
7.370989e+01
7.370989e+01
7.370989e+01
7.370989e+01
7.370989e+01
7.370989e+01
7.370989e+01
7.287876e+01
7.287876e+01
7.287876e+01
7.287876e+01
7.287876e+01
7.287876e+01
7.287876e+01
7.287876e+01
7.287876e+01
7.084650e+01
7.084650e+01
7.084650e+01
7.084650e+01
7.084650e+01
7.084650e+01
7.084650e+01
7.084650e+01
7.084650e+01
7.084650e+01
6.881601e+01
6.881601e+01
6.881601e+01
6.881601e+01
6.881601e+01
6.881601e+01
6.881601e+01
6.881601e+01
6.881601e+01
6.881601e+01
6.881601e+01
6.881601e+01
6.881601e+01
6.881601e+01
6.881601e+01
6.881601e+01
6.881601e+01
6.881601e+01
6.881601e+01
6.881601e+01
6.881601e+01
6.881601e+01
6.881601e+01
6.881601e+01
6.881601e+01
6.881601e+01
6.881601e+01
6.881601e+01
6.881601e+01
6.881601e+01
6.881601e+01
6.881601e+01
6.881601e+01
6.881601e+01
6.881601e+01
6.881601e+01
6.881601e+01
6.881601e+01
6.881601e+01
6.881601e+01
6.881601e+01
6.881601e+01
6.881601e+01
6.881601e+01
6.670936e+01
6.670936e+01
6.670936e+01
6.670936e+01
6.670936e+01
6.670936e+01
6.670936e+01
6.670936e+01
6.670936e+01
6.670936e+01
6.670936e+01
6.670936e+01
6.670936e+01
6.670936e+01
6.670936e+01
6.670936e+01
6.670936e+01
6.670936e+01
6.670936e+01
6.670936e+01
6.670936e+01
6.670936e+01
6.670936e+01
6.670936e+01
6.670936e+01
6.670936e+01
6.410947e+01
6.410947e+01
6.410947e+01
6.410947e+01
6.304573e+01
6.304573e+01
6.304573e+01
6.304573e+01
6.304573e+01
6.304573e+01
6.304573e+01
6.304573e+01
6.304573e+01
6.304573e+01
6.304573e+01
6.304573e+01
6.304573e+01
6.304573e+01
6.304573e+01
6.304573e+01
6.304573e+01
6.304573e+01
6.304573e+01
6.304573e+01
6.304573e+01
6.304573e+01
6.304573e+01
6.304573e+01
6.304573e+01
6.304573e+01
6.304573e+01
6.304573e+01
6.304573e+01
6.304573e+01
6.304573e+01
6.304573e+01
6.304573e+01
6.304573e+01
6.304573e+01
6.304573e+01
6.304573e+01
6.304573e+01
6.304573e+01
6.304573e+01
6.304573e+01
6.304573e+01
6.304573e+01
6.304573e+01
6.304573e+01
6.304573e+01
6.304573e+01
6.304573e+01
6.304573e+01
6.304573e+01
6.304573e+01
6.304573e+01
6.304573e+01
6.304573e+01
6.304573e+01
6.304573e+01
6.304573e+01
6.304573e+01
6.304573e+01
6.304573e+01
6.304573e+01
6.304573e+01
6.304573e+01
6.304573e+01
6.304573e+01
6.304573e+01
6.304573e+01
6.304573e+01
6.304573e+01
6.304573e+01
6.304573e+01
6.304573e+01
6.304573e+01
6.304573e+01
6.304573e+01
6.304573e+01
6.304573e+01
6.304573e+01
6.304573e+01
6.304573e+01
6.304573e+01
6.304573e+01
6.304573e+01
6.304573e+01
6.304573e+01
6.304573e+01
6.304573e+01
6.304573e+01
6.304573e+01
6.304573e+01
6.304573e+01
6.304573e+01
6.304573e+01
6.304573e+01
6.304573e+01
6.304573e+01
6.304573e+01
6.304573e+01
6.304573e+01
6.304573e+01
6.304573e+01
6.304573e+01
6.304573e+01
6.304573e+01
6.304573e+01
6.304573e+01
5.862124e+01
5.862124e+01
5.862124e+01
5.862124e+01
5.862124e+01
5.862124e+01
5.862124e+01
5.862124e+01
5.433602e+01
5.433602e+01
5.433602e+01
5.433602e+01
5.433602e+01
5.433602e+01
5.433602e+01
5.433602e+01
5.433602e+01
5.433602e+01
5.433602e+01
5.433602e+01
5.433602e+01
5.433602e+01
5.433602e+01
5.433602e+01
5.433602e+01
5.433602e+01
5.433602e+01
5.433602e+01
5.433602e+01
5.433602e+01
5.433602e+01
5.433602e+01
5.433602e+01
5.433602e+01
5.433602e+01
5.433602e+01
5.433602e+01
5.433602e+01
5.433602e+01
5.433602e+01
5.433602e+01
5.433602e+01
5.433602e+01
5.433602e+01
5.433602e+01
5.433602e+01
5.433602e+01
5.433602e+01
5.433602e+01
5.433602e+01
5.433602e+01
5.433602e+01
5.433602e+01
5.433602e+01
5.433602e+01
5.433602e+01
5.433602e+01
5.433602e+01
5.433602e+01
5.433602e+01
5.433602e+01
5.433602e+01
5.433602e+01
5.433602e+01
5.433602e+01
5.433602e+01
5.433602e+01
5.433602e+01
5.433602e+01
5.433602e+01
5.433602e+01
5.433602e+01
5.433602e+01
5.433602e+01
5.433602e+01
5.433602e+01
5.433602e+01
5.433602e+01
5.433602e+01
5.433602e+01
5.433602e+01
5.433602e+01
5.433602e+01
5.433602e+01
5.433602e+01
5.433602e+01
5.433602e+01
5.433602e+01
5.433602e+01
5.433602e+01
5.433602e+01
5.433602e+01
5.433602e+01
5.433602e+01
5.433602e+01
5.433602e+01
5.433602e+01
5.433602e+01
5.433602e+01
5.433602e+01
5.433602e+01
5.421340e+01
5.421340e+01
5.421340e+01
5.421340e+01
5.421340e+01
5.421340e+01
5.421340e+01
5.421340e+01
5.421340e+01
5.421340e+01
5.421340e+01
5.421340e+01
5.421340e+01
5.421340e+01
5.421340e+01
5.421340e+01
5.421340e+01
5.421340e+01
5.421340e+01
5.421340e+01
5.421340e+01
5.421340e+01
5.421340e+01
5.421340e+01
5.421340e+01
5.421340e+01
5.421340e+01
5.421340e+01
5.421340e+01
5.156248e+01
5.156248e+01
5.156248e+01
5.156248e+01
5.156248e+01
5.156248e+01
5.156248e+01
5.156248e+01
5.156248e+01
5.156248e+01
5.156248e+01
5.156248e+01
5.156248e+01
5.156248e+01
5.156248e+01
5.156248e+01
5.156248e+01
5.156248e+01
5.156248e+01
5.156248e+01
5.156248e+01
5.156248e+01
5.156248e+01
5.156248e+01
5.156248e+01
5.156248e+01
5.156248e+01
5.156248e+01
5.156248e+01
5.156248e+01
5.156248e+01
5.156248e+01
5.156248e+01
5.156248e+01
5.156248e+01
5.156248e+01
5.156248e+01
5.156248e+01
5.156248e+01
5.156248e+01
5.156248e+01
5.156248e+01
5.156248e+01
5.156248e+01
5.156248e+01
5.156248e+01
5.156248e+01
5.156248e+01
5.156248e+01
5.156248e+01
5.156248e+01
5.156248e+01
4.971245e+01
4.971245e+01
4.971245e+01
4.971245e+01
4.971245e+01
4.971245e+01
4.971245e+01
4.971245e+01
4.971245e+01
4.971245e+01
4.971245e+01
4.971245e+01
4.971245e+01
4.971245e+01
4.971245e+01
4.971245e+01
4.971245e+01
4.971245e+01
4.971245e+01
4.971245e+01
4.971245e+01
4.971245e+01
4.971245e+01
4.971245e+01
4.971245e+01
4.971245e+01
4.971245e+01
4.971245e+01
4.971245e+01
4.971245e+01
4.971245e+01
4.971245e+01
4.971245e+01
4.971245e+01
4.971245e+01
4.971245e+01
4.971245e+01
4.971245e+01
4.971245e+01
4.971245e+01
4.971245e+01
4.971245e+01
4.971245e+01
4.971245e+01
4.971245e+01
4.971245e+01
4.971245e+01
4.963701e+01
4.963701e+01
4.963701e+01
4.944265e+01
4.944265e+01
4.944265e+01
4.944265e+01
4.944265e+01
4.944265e+01
4.944265e+01
4.944265e+01
4.944265e+01
4.944265e+01
4.944265e+01
4.944265e+01
4.944265e+01
4.944265e+01
4.944265e+01
4.944265e+01
4.944265e+01
4.944265e+01
4.944265e+01
4.944265e+01
4.944265e+01
4.944265e+01
4.944265e+01
4.944265e+01
4.944265e+01
4.944265e+01
4.944265e+01
4.944265e+01
4.944265e+01
4.925153e+01
4.925153e+01
4.925153e+01
4.925153e+01
4.925153e+01
4.925153e+01
4.925153e+01
4.925153e+01
4.925153e+01
4.779382e+01
4.779382e+01
4.779382e+01
4.779382e+01
4.779382e+01
4.779382e+01
4.779382e+01
4.779382e+01
4.779382e+01
4.779382e+01
4.779382e+01
4.779382e+01
4.779382e+01
4.779382e+01
4.779382e+01
4.779382e+01
4.779382e+01
4.779382e+01
4.779382e+01
4.779382e+01
4.779382e+01
4.779382e+01
4.779382e+01
4.686797e+01
4.686797e+01
4.686797e+01
4.686797e+01
4.686797e+01
4.686797e+01
4.686797e+01
4.686797e+01
4.686797e+01
4.686797e+01
4.686797e+01
4.686797e+01
4.686797e+01
4.686797e+01
4.686797e+01
4.686797e+01
4.686797e+01
4.686797e+01
4.686797e+01
4.686797e+01
4.686797e+01
4.686797e+01
4.686797e+01
4.686797e+01
4.686797e+01
4.686797e+01
4.686797e+01
4.686797e+01
4.686797e+01
4.686797e+01
4.686797e+01
4.686797e+01
4.686797e+01
4.686797e+01
4.686797e+01
4.686797e+01
4.686797e+01
4.686797e+01
4.686797e+01
4.686797e+01
4.686797e+01
4.686797e+01
4.686797e+01
4.686797e+01
4.686797e+01
4.686797e+01
4.686797e+01
4.686797e+01
4.686797e+01
4.686797e+01
4.607369e+01
4.607369e+01
4.607369e+01
4.607369e+01
4.607369e+01
4.607369e+01
4.607369e+01
4.607369e+01
4.607369e+01
4.607369e+01
4.607369e+01
4.607369e+01
4.607369e+01
4.607369e+01
4.607369e+01
4.607369e+01
4.607369e+01
4.607369e+01
4.607369e+01
4.607369e+01
4.607369e+01
4.607369e+01
4.607369e+01
4.607369e+01
4.607369e+01
4.606437e+01
4.606437e+01
4.606437e+01
4.606437e+01
4.606437e+01
4.606437e+01
4.606437e+01
4.606437e+01
4.606437e+01
4.606437e+01
4.606437e+01
4.606437e+01
4.606437e+01
4.606437e+01
4.606437e+01
4.606437e+01
4.606437e+01
4.606437e+01
4.606437e+01
4.531037e+01
4.531037e+01
4.038677e+01
4.038677e+01
4.038677e+01
4.038677e+01
4.038677e+01
4.038677e+01
4.038677e+01
4.038677e+01
4.038677e+01
4.038677e+01
4.038677e+01
4.038677e+01
4.038677e+01
4.038677e+01
4.038677e+01
4.038677e+01
4.038677e+01
4.038677e+01
4.038677e+01
4.038677e+01
4.038677e+01
4.038677e+01
4.038677e+01
4.038677e+01
4.038677e+01
4.038677e+01
4.038677e+01
4.038677e+01
4.038677e+01
4.038677e+01
4.038677e+01
4.038677e+01
4.038677e+01
4.038677e+01
4.038677e+01
4.038677e+01
4.038677e+01
4.038677e+01
4.038677e+01
4.038677e+01
4.038677e+01
4.038677e+01
4.038677e+01
4.038677e+01
4.038677e+01
4.038677e+01
4.038677e+01
4.038677e+01
4.038677e+01
4.038677e+01
4.038677e+01
4.038677e+01
4.038677e+01
4.038677e+01
4.038677e+01
4.038677e+01
4.038677e+01
4.038677e+01
4.038677e+01
4.038677e+01
4.038677e+01
4.038677e+01
4.038677e+01
4.038677e+01
4.038677e+01
4.038677e+01
4.038677e+01
4.038677e+01
4.038677e+01
4.038677e+01
4.038677e+01
4.038677e+01
4.038677e+01
4.038677e+01
4.038677e+01
4.038677e+01
4.038677e+01
4.038677e+01
4.038677e+01
4.038677e+01
4.038677e+01
4.038677e+01
4.038677e+01
4.038677e+01
4.038677e+01
4.038677e+01
4.038677e+01
4.038677e+01
4.038677e+01
4.038677e+01
4.038677e+01
4.038677e+01
4.038677e+01
4.038677e+01
4.038677e+01
4.038677e+01
4.038677e+01
4.038677e+01
4.038677e+01
4.038677e+01
4.038677e+01
4.038677e+01
4.038677e+01
4.038677e+01
4.038677e+01
4.038677e+01
4.038677e+01
4.038677e+01
4.038677e+01
4.038677e+01
4.038677e+01
4.038677e+01
4.038677e+01
4.038677e+01
4.038677e+01
4.038677e+01
4.038677e+01
4.038677e+01
4.038677e+01
4.038677e+01
4.038677e+01
4.038677e+01
4.038677e+01
4.038677e+01
4.038677e+01
4.038677e+01
4.038677e+01
4.038677e+01
4.038677e+01
4.038677e+01
4.038677e+01
4.038677e+01
4.038677e+01
4.038677e+01
4.038677e+01
4.038677e+01
4.038677e+01
4.038677e+01
4.038677e+01
4.038677e+01
4.038677e+01
4.038677e+01
4.038677e+01
4.038677e+01
4.038677e+01
4.038677e+01
4.038677e+01
4.038677e+01
4.038677e+01
4.038677e+01
4.038677e+01
4.038677e+01
4.038677e+01
4.038677e+01
4.038677e+01
4.038677e+01
4.038677e+01
4.038677e+01
4.038677e+01
4.038677e+01
4.038677e+01
4.038677e+01
4.038677e+01
4.038677e+01
4.038677e+01
4.038677e+01
4.038677e+01
4.038677e+01
4.038677e+01
4.038677e+01
4.038677e+01
4.038677e+01
4.038677e+01
4.038677e+01
4.038677e+01
4.038677e+01
4.038677e+01
4.038677e+01
4.038677e+01
4.038677e+01
4.038677e+01
4.038677e+01
3.792402e+01
3.792402e+01
3.792402e+01
3.624707e+01
3.624707e+01
3.624707e+01
3.624707e+01
3.624707e+01
3.624707e+01
3.624707e+01
3.624707e+01
3.624707e+01
3.624707e+01
3.624707e+01
3.624707e+01
3.624707e+01
3.624707e+01
3.624707e+01
3.624707e+01
3.624707e+01
3.624707e+01
3.624707e+01
3.624707e+01
3.624707e+01
3.624707e+01
3.624707e+01
3.624707e+01
3.624707e+01
3.624707e+01
3.624707e+01
3.624707e+01
3.624707e+01
3.624707e+01
3.624707e+01
3.624707e+01
3.624707e+01
3.624707e+01
3.624707e+01
3.624707e+01
3.624707e+01
3.624707e+01
3.624707e+01
3.624707e+01
3.624707e+01
3.624707e+01
3.624707e+01
3.624707e+01
3.624707e+01
3.624707e+01
3.624707e+01
3.624707e+01
3.624707e+01
3.624707e+01
3.624707e+01
3.624707e+01
3.624707e+01
3.624707e+01
3.624707e+01
3.624707e+01
3.624707e+01
3.624707e+01
3.624707e+01
3.624707e+01
3.624707e+01
3.624707e+01
3.624707e+01
3.624707e+01
3.624707e+01
3.624707e+01
3.624707e+01
3.624707e+01
3.624707e+01
3.624707e+01
3.624707e+01
3.624707e+01
3.624707e+01
3.624707e+01
3.624707e+01
3.624707e+01
3.624707e+01
3.624707e+01
3.624707e+01
3.624707e+01
3.624707e+01
3.624707e+01
3.624707e+01
3.624707e+01
3.624707e+01
3.624707e+01
3.624707e+01
3.624707e+01
3.624707e+01
3.562230e+01
3.562230e+01
3.562230e+01
3.562230e+01
3.562230e+01
3.562230e+01
3.562230e+01
3.562230e+01
3.562230e+01
3.562230e+01
3.562230e+01
3.562230e+01
3.562230e+01
3.562230e+01
3.562230e+01
3.562230e+01
3.562230e+01
3.562230e+01
3.562230e+01
3.562230e+01
3.562230e+01
3.562230e+01
3.562230e+01
3.562230e+01
3.562230e+01
3.562230e+01
3.562230e+01
3.562230e+01
3.562230e+01
3.562230e+01
3.562230e+01
3.562230e+01
3.562230e+01
3.562230e+01
3.562230e+01
3.562230e+01
3.562230e+01
3.562230e+01
3.562230e+01
3.562230e+01
3.562230e+01
3.562230e+01
3.562230e+01
3.562230e+01
3.562230e+01
3.562230e+01
3.562230e+01
3.562230e+01
3.562230e+01
3.562230e+01
3.562230e+01
3.562230e+01
3.562230e+01
3.562230e+01
3.562230e+01
3.562230e+01
3.562230e+01
3.562230e+01
3.562230e+01
3.562230e+01
3.562230e+01
3.562230e+01
3.562230e+01
3.562230e+01
3.562230e+01
3.562230e+01
3.562230e+01
3.562230e+01
3.562230e+01
3.562230e+01
3.562230e+01
3.562230e+01
3.562230e+01
3.562230e+01
3.562230e+01
3.562230e+01
3.562230e+01
3.562230e+01
3.562230e+01
3.562230e+01
3.562230e+01
3.562230e+01
3.562230e+01
3.562230e+01
3.562230e+01
3.562230e+01
3.562230e+01
3.562230e+01
3.562230e+01
3.562230e+01
3.562230e+01
3.562230e+01
3.562230e+01
3.562230e+01
3.562230e+01
3.562230e+01
3.562230e+01
3.562230e+01
3.562230e+01
3.562230e+01
3.562230e+01
3.562230e+01
3.562230e+01
3.562230e+01
3.562230e+01
3.562230e+01
3.562230e+01
3.562230e+01
3.562230e+01
3.562230e+01
3.562230e+01
3.562230e+01
3.562230e+01
3.562230e+01
3.562230e+01
3.562230e+01
3.562230e+01
3.562230e+01
3.562230e+01
3.562230e+01
3.562230e+01
3.562230e+01
3.562230e+01
3.562230e+01
3.562230e+01
3.562230e+01
3.562230e+01
3.562230e+01
3.562230e+01
3.562230e+01
3.562230e+01
3.562230e+01
3.562230e+01
3.562230e+01
3.562230e+01
3.562230e+01
3.562230e+01
3.562230e+01
3.562230e+01
3.562230e+01
3.562230e+01
3.562230e+01
3.562230e+01
3.562230e+01
3.562230e+01
3.562230e+01
3.562230e+01
3.562230e+01
3.562230e+01
3.562230e+01
3.562230e+01
3.562230e+01
3.562230e+01
3.562230e+01
3.562230e+01
3.562230e+01
3.562230e+01
3.562230e+01
3.562230e+01
3.562230e+01
3.562230e+01
3.562230e+01
3.562230e+01
3.562230e+01
3.562230e+01
3.562230e+01
3.562230e+01
3.562230e+01
3.562230e+01
3.562230e+01
3.494792e+01
3.494792e+01
3.494792e+01
3.494792e+01
3.494792e+01
3.494792e+01
3.494792e+01
3.494792e+01
3.494792e+01
3.494792e+01
3.474181e+01
3.474181e+01
3.474181e+01
3.474181e+01
3.474181e+01
3.474181e+01
3.474181e+01
3.464344e+01
3.464344e+01
3.464344e+01
3.464344e+01
3.464344e+01
3.464344e+01
3.464344e+01
3.464344e+01
3.464344e+01
3.464344e+01
3.464344e+01
3.464344e+01
3.464344e+01
3.464344e+01
3.464344e+01
3.464344e+01
3.464344e+01
3.464344e+01
3.464344e+01
3.464344e+01
3.464344e+01
3.464344e+01
3.464344e+01
3.464344e+01
3.464344e+01
3.464344e+01
3.464344e+01
3.464344e+01
3.464344e+01
3.464344e+01
3.464344e+01
3.464344e+01
3.359886e+01
3.359886e+01
3.359886e+01
3.359886e+01
2.687963e+01
2.687963e+01
2.687963e+01
2.687963e+01
2.687963e+01
2.687963e+01
2.687963e+01
2.687963e+01
2.687963e+01
2.687963e+01
2.687963e+01
2.687963e+01
2.687963e+01
2.687963e+01
2.687963e+01
2.687963e+01
2.687963e+01
2.687963e+01
2.687963e+01
2.687963e+01
2.687963e+01
2.687963e+01
2.687963e+01
2.687963e+01
2.687963e+01
2.687963e+01
2.687963e+01
2.687963e+01
2.687963e+01
2.687963e+01
2.687963e+01
2.687963e+01
2.687963e+01
2.687963e+01
2.687963e+01
2.687963e+01
2.687963e+01
2.687963e+01
2.687963e+01
2.687963e+01
2.687963e+01
2.687963e+01
2.687963e+01
2.687963e+01
2.687963e+01
2.687963e+01
2.687963e+01
2.687963e+01
2.687963e+01
2.687963e+01
2.687963e+01
2.687963e+01
2.687963e+01
2.687963e+01
2.687963e+01
2.687963e+01
2.687963e+01
2.687963e+01
2.687963e+01
2.687963e+01
2.687963e+01
2.687963e+01
2.687963e+01
2.687963e+01
2.687963e+01
2.687963e+01
2.687963e+01
2.687963e+01
2.687963e+01
2.687963e+01
2.687963e+01
2.687963e+01
2.687963e+01
2.687963e+01
2.687963e+01
2.687963e+01
2.687963e+01
2.687963e+01
2.687963e+01
2.687963e+01
2.687963e+01
2.687963e+01
2.687963e+01
2.687963e+01
2.687963e+01
2.687963e+01
2.687963e+01
2.687963e+01
2.687963e+01
2.687963e+01
2.687963e+01
2.687963e+01
2.687963e+01
2.687963e+01
2.687963e+01
2.687963e+01
2.687963e+01
2.687963e+01
2.687963e+01
2.687963e+01
2.687963e+01
2.687963e+01
2.687963e+01
2.687963e+01
2.687963e+01
2.687963e+01
2.687963e+01
2.687963e+01
2.687963e+01
2.687963e+01
2.687963e+01
2.687963e+01
2.687963e+01
2.687963e+01
2.687963e+01
2.687963e+01
2.687963e+01
2.687963e+01
2.687963e+01
2.687963e+01
2.687963e+01
2.687963e+01
2.687963e+01
2.687963e+01
2.687963e+01
2.687963e+01
2.687963e+01
2.687963e+01
2.687963e+01
2.687963e+01
2.687963e+01
2.687963e+01
2.687963e+01
2.687963e+01
2.687963e+01
2.687963e+01
2.687963e+01
2.687963e+01
2.687963e+01
2.687963e+01
2.687963e+01
2.687963e+01
2.687963e+01
2.687963e+01
2.687963e+01
2.687963e+01
2.687963e+01
2.687963e+01
2.687963e+01
2.687963e+01
2.687963e+01
2.687963e+01
2.687963e+01
2.687963e+01
2.687963e+01
2.687963e+01
2.687963e+01
2.687963e+01
2.687963e+01
2.687963e+01
2.687963e+01
2.687963e+01
2.687963e+01
2.687963e+01
2.687963e+01
2.687963e+01
2.687963e+01
2.687963e+01
2.687963e+01
2.687963e+01
2.687963e+01
2.687963e+01
2.687963e+01
2.687963e+01
2.687963e+01
2.687963e+01
2.687963e+01
2.687963e+01
2.687963e+01
2.687963e+01
2.687963e+01
2.687963e+01
2.687963e+01
2.687963e+01
2.687963e+01
2.687963e+01
2.687963e+01
2.687963e+01
2.687963e+01
2.687963e+01
2.687963e+01
2.687963e+01
2.687963e+01
2.687963e+01
2.687963e+01
2.687963e+01
2.687963e+01
2.687963e+01
2.687963e+01
2.687963e+01
2.687963e+01
2.687963e+01
2.687963e+01
2.687963e+01
2.687963e+01
2.687963e+01
2.687963e+01
2.687963e+01
2.687963e+01
2.687963e+01
2.687963e+01
2.687963e+01
2.687963e+01
2.687963e+01
2.687963e+01
2.687963e+01
2.687963e+01
2.687963e+01
2.687963e+01
2.687963e+01
2.687963e+01
2.687963e+01
2.687963e+01
2.687963e+01
2.687963e+01
2.687963e+01
2.687963e+01
2.687963e+01
2.687963e+01
2.687963e+01
2.687963e+01
2.687963e+01
2.687963e+01
2.687963e+01
2.687963e+01
2.687963e+01
2.687963e+01
2.687963e+01
2.687963e+01
2.687963e+01
2.687963e+01
2.687963e+01
2.687963e+01
2.687963e+01
2.687963e+01
2.687963e+01
2.687963e+01
2.687963e+01
2.687963e+01
2.687963e+01
2.687963e+01
2.687963e+01
2.687963e+01
2.508221e+01
2.508221e+01
2.508221e+01
2.508221e+01
2.508221e+01
2.508221e+01
2.433440e+01
2.433440e+01
2.433440e+01
2.433440e+01
2.433440e+01
2.433440e+01
2.433440e+01
2.433440e+01
2.433440e+01
2.433440e+01
2.433440e+01
2.433440e+01
2.433440e+01
2.433440e+01
2.433440e+01
2.433440e+01
2.433440e+01
2.433440e+01
2.433440e+01
2.433440e+01
2.433440e+01
2.433440e+01
2.433440e+01
2.433440e+01
2.433440e+01
2.433440e+01
2.433440e+01
2.433440e+01
2.433440e+01
2.433440e+01
2.412803e+01
2.412803e+01
2.412803e+01
2.412803e+01
2.412803e+01
2.412803e+01
2.412803e+01
2.412803e+01
2.412803e+01
2.412803e+01
2.412803e+01
2.412803e+01
2.412803e+01
2.412803e+01
2.412803e+01
2.412803e+01
2.412803e+01
2.412803e+01
2.412803e+01
2.412803e+01
2.412803e+01
2.412803e+01
2.412803e+01
2.412803e+01
5.580369e+02
5.580369e+02
5.580369e+02
5.212638e+02
5.165310e+02
5.165310e+02
5.165310e+02
5.165310e+02
5.165310e+02
5.165310e+02
5.165310e+02
4.968546e+02
4.910305e+02
4.910305e+02
4.910305e+02
4.910305e+02
4.910305e+02
4.910305e+02
4.456876e+02
4.456876e+02
4.456876e+02
4.456876e+02
4.281836e+02
4.281836e+02
4.243113e+02
4.243113e+02
4.243113e+02
4.243113e+02
4.243113e+02
4.243113e+02
4.243113e+02
4.243113e+02
4.243113e+02
4.243113e+02
4.243113e+02
4.243113e+02
4.243113e+02
4.243113e+02
4.243113e+02
4.243113e+02
4.243113e+02
4.243113e+02
4.243113e+02
4.243113e+02
4.243113e+02
4.243113e+02
4.243113e+02
4.243113e+02
4.243113e+02
4.243113e+02
4.243113e+02
4.243113e+02
4.243113e+02
4.243113e+02
4.243113e+02
4.243113e+02
4.243113e+02
4.243113e+02
4.243113e+02
4.243113e+02
4.243113e+02
4.243113e+02
4.243113e+02
4.243113e+02
4.243113e+02
4.243113e+02
4.243113e+02
4.243113e+02
4.243113e+02
4.243113e+02
4.243113e+02
4.243113e+02
4.243113e+02
4.243113e+02
4.243113e+02
4.243113e+02
4.243113e+02
4.243113e+02
4.243113e+02
4.243113e+02
4.243113e+02
4.243113e+02
4.243113e+02
4.243113e+02
4.243113e+02
4.243113e+02
4.243113e+02
4.243113e+02
4.243113e+02
3.868741e+02
3.868741e+02
3.868741e+02
3.846344e+02
3.846344e+02
3.846344e+02
3.846344e+02
3.846344e+02
3.846344e+02
3.846344e+02
3.846344e+02
3.846344e+02
3.846344e+02
3.846344e+02
3.846344e+02
3.846344e+02
3.846344e+02
3.846344e+02
3.846344e+02
3.846344e+02
3.846344e+02
3.846344e+02
3.846344e+02
3.846344e+02
3.846344e+02
3.846344e+02
3.846344e+02
3.846344e+02
3.846344e+02
3.846344e+02
3.846344e+02
3.846344e+02
3.846344e+02
3.846344e+02
3.846344e+02
3.846344e+02
3.846344e+02
3.846344e+02
3.846344e+02
3.846344e+02
3.846344e+02
3.846344e+02
3.846344e+02
3.846344e+02
3.846344e+02
3.846344e+02
3.846344e+02
3.846344e+02
3.846344e+02
3.846344e+02
3.846344e+02
3.846344e+02
3.846344e+02
3.846344e+02
3.846344e+02
3.846344e+02
3.846344e+02
3.846344e+02
3.846344e+02
3.846344e+02
3.846344e+02
3.846344e+02
3.846344e+02
3.846344e+02
3.846344e+02
3.846344e+02
3.846344e+02
3.846344e+02
3.846344e+02
3.846344e+02
3.846344e+02
3.846344e+02
3.846344e+02
3.846344e+02
3.846344e+02
3.846344e+02
3.846344e+02
3.846344e+02
3.845863e+02
3.845863e+02
3.845863e+02
3.845863e+02
3.845863e+02
3.845863e+02
3.845863e+02
3.845863e+02
3.845863e+02
3.845863e+02
3.845863e+02
3.845863e+02
3.845863e+02
3.844360e+02
3.844360e+02
3.844360e+02
3.844360e+02
3.844360e+02
3.844360e+02
3.844360e+02
3.844360e+02
3.844360e+02
3.844360e+02
3.844360e+02
3.844360e+02
3.844360e+02
3.844360e+02
3.844360e+02
3.844360e+02
3.844360e+02
3.802678e+02
3.793919e+02
3.793919e+02
3.793919e+02
3.793919e+02
3.793919e+02
3.793919e+02
3.793919e+02
3.793919e+02
3.793919e+02
3.793919e+02
3.793919e+02
3.793919e+02
3.793919e+02
3.793919e+02
3.793919e+02
3.793919e+02
3.793919e+02
3.793919e+02
3.793919e+02
3.793919e+02
3.793919e+02
3.793919e+02
3.793919e+02
3.793919e+02
3.793919e+02
3.793919e+02
3.793919e+02
3.793919e+02
3.793919e+02
3.793919e+02
3.793919e+02
3.793919e+02
3.793919e+02
3.793919e+02
3.779279e+02
3.779279e+02
3.779279e+02
3.779279e+02
3.779279e+02
3.779279e+02
3.779279e+02
3.633601e+02
3.633601e+02
3.633601e+02
3.633601e+02
3.633601e+02
3.633601e+02
3.633601e+02
3.633601e+02
3.606062e+02
3.606062e+02
3.606062e+02
3.606062e+02
3.606062e+02
3.606062e+02
3.606062e+02
3.606062e+02
3.606062e+02
3.606062e+02
3.462960e+02
3.462960e+02
3.462960e+02
3.462960e+02
3.462960e+02
3.441716e+02
3.441716e+02
3.441716e+02
3.441716e+02
3.441716e+02
3.441716e+02
3.441716e+02
3.441716e+02
3.441716e+02
3.441716e+02
3.441716e+02
3.441716e+02
3.441716e+02
3.441716e+02
3.441716e+02
3.441716e+02
3.441716e+02
3.441716e+02
3.441716e+02
3.441716e+02
3.441716e+02
3.441716e+02
3.441716e+02
3.441716e+02
3.441716e+02
3.441716e+02
3.441716e+02
3.441716e+02
3.441716e+02
3.441716e+02
3.441716e+02
3.441716e+02
3.441716e+02
3.441716e+02
3.441716e+02
3.441716e+02
3.441716e+02
3.426200e+02
3.348168e+02
3.348168e+02
3.348168e+02
3.348168e+02
3.348168e+02
3.348168e+02
3.348168e+02
3.348168e+02
3.348168e+02
3.348168e+02
3.348168e+02
3.348168e+02
3.348168e+02
3.348168e+02
3.348168e+02
3.348168e+02
3.348168e+02
3.348168e+02
3.348168e+02
3.348168e+02
3.348168e+02
3.348168e+02
3.348168e+02
3.348168e+02
3.348168e+02
3.348168e+02
3.348168e+02
3.348168e+02
3.348168e+02
3.348168e+02
3.348168e+02
3.348168e+02
3.348168e+02
3.348168e+02
3.348168e+02
3.348168e+02
3.348168e+02
3.336559e+02
3.336559e+02
3.335871e+02
3.335871e+02
3.335871e+02
3.335871e+02
3.335871e+02
3.335871e+02
3.335871e+02
3.335871e+02
3.335871e+02
3.335871e+02
3.335871e+02
3.335871e+02
3.335871e+02
3.335871e+02
3.335871e+02
3.335871e+02
3.335871e+02
3.335871e+02
3.335871e+02
3.327473e+02
3.327473e+02
3.327473e+02
3.327473e+02
3.327473e+02
3.327473e+02
3.327473e+02
3.327473e+02
3.327473e+02
3.327473e+02
3.327473e+02
3.327473e+02
3.327473e+02
3.327473e+02
3.327473e+02
3.327473e+02
3.289997e+02
3.289997e+02
3.289997e+02
3.289997e+02
3.289997e+02
3.289997e+02
3.289997e+02
3.289997e+02
3.289997e+02
3.289997e+02
3.289997e+02
3.289997e+02
3.289997e+02
3.289997e+02
3.289997e+02
3.289997e+02
3.289997e+02
3.289997e+02
3.289997e+02
3.289997e+02
3.289997e+02
3.289997e+02
3.289997e+02
3.289997e+02
3.289997e+02
3.289997e+02
3.289997e+02
3.289997e+02
3.289997e+02
3.282254e+02
3.282254e+02
3.243223e+02
3.243223e+02
3.243223e+02
3.243223e+02
3.243223e+02
3.243223e+02
3.243223e+02
3.243223e+02
3.243223e+02
3.243223e+02
3.243223e+02
3.243223e+02
3.243223e+02
3.243223e+02
3.243223e+02
3.243223e+02
3.243223e+02
3.243223e+02
3.243223e+02
3.243223e+02
3.243223e+02
3.243223e+02
3.243223e+02
3.243223e+02
3.243223e+02
3.243223e+02
3.243223e+02
3.243223e+02
3.243223e+02
3.243223e+02
3.239913e+02
3.239913e+02
3.239913e+02
3.239913e+02
3.239913e+02
3.239913e+02
3.239913e+02
3.239913e+02
3.238558e+02
3.238558e+02
3.238558e+02
3.238558e+02
3.238558e+02
3.238558e+02
3.238558e+02
3.238558e+02
3.238558e+02
3.205264e+02
3.205264e+02
3.205264e+02
3.205264e+02
3.205264e+02
3.205264e+02
3.205264e+02
3.205264e+02
3.205264e+02
3.205264e+02
3.205264e+02
3.205264e+02
3.205264e+02
3.205264e+02
3.205264e+02
3.205264e+02
3.205264e+02
3.205264e+02
3.205264e+02
3.205264e+02
3.205264e+02
3.205264e+02
3.205264e+02
3.205264e+02
3.205264e+02
3.205264e+02
3.205264e+02
3.205264e+02
3.205264e+02
3.205264e+02
3.205264e+02
3.205264e+02
3.205264e+02
3.205264e+02
3.205264e+02
3.205264e+02
3.205264e+02
3.205264e+02
3.205264e+02
3.205264e+02
3.205264e+02
3.205264e+02
3.205264e+02
3.205264e+02
3.205264e+02
3.205264e+02
3.205264e+02
3.205264e+02
3.205264e+02
3.187909e+02
3.187909e+02
3.187909e+02
3.187909e+02
3.164121e+02
3.164121e+02
3.164121e+02
3.164121e+02
3.164121e+02
3.164121e+02
3.164121e+02
3.164121e+02
3.164121e+02
3.164121e+02
3.164121e+02
3.164121e+02
3.164121e+02
3.164121e+02
3.164121e+02
3.164121e+02
3.164121e+02
3.164121e+02
3.164121e+02
3.164121e+02
3.164121e+02
3.164121e+02
3.164121e+02
3.164121e+02
3.164121e+02
3.164121e+02
3.164121e+02
3.164121e+02
3.164121e+02
3.164121e+02
3.164121e+02
3.164121e+02
3.164121e+02
3.164121e+02
3.164121e+02
3.164121e+02
3.164121e+02
3.164121e+02
3.164121e+02
3.164121e+02
3.164121e+02
3.164121e+02
3.049317e+02
3.049317e+02
3.049317e+02
3.049317e+02
3.049317e+02
3.049317e+02
3.049317e+02
3.049317e+02
3.049317e+02
3.049317e+02
3.049317e+02
3.049317e+02
3.049317e+02
3.049317e+02
3.049317e+02
3.049317e+02
3.049317e+02
3.049317e+02
3.049317e+02
3.049317e+02
3.049317e+02
3.049317e+02
3.049317e+02
3.049317e+02
3.049317e+02
3.049317e+02
3.049317e+02
3.049317e+02
3.049317e+02
3.049317e+02
3.049317e+02
3.049317e+02
3.049317e+02
3.049317e+02
3.049317e+02
3.049317e+02
3.049317e+02
3.049317e+02
3.049317e+02
3.049317e+02
3.049317e+02
3.049317e+02
3.049317e+02
3.049317e+02
3.049317e+02
3.049317e+02
3.049317e+02
3.049317e+02
3.049317e+02
3.049317e+02
3.049317e+02
3.049317e+02
3.049317e+02
3.049317e+02
3.049317e+02
3.049317e+02
3.049317e+02
3.049317e+02
3.049317e+02
3.049317e+02
3.049317e+02
3.049317e+02
3.049317e+02
3.049317e+02
3.049317e+02
3.049317e+02
3.049317e+02
3.049317e+02
3.049317e+02
3.049317e+02
3.049317e+02
3.049317e+02
3.049317e+02
3.049317e+02
3.049317e+02
3.049317e+02
3.049317e+02
3.049317e+02
3.049317e+02
3.049317e+02
3.049317e+02
3.049317e+02
3.049317e+02
3.039842e+02
3.039842e+02
3.039842e+02
3.039842e+02
3.039842e+02
3.039842e+02
3.039842e+02
3.039842e+02
3.039842e+02
3.039842e+02
3.039842e+02
3.039842e+02
3.039842e+02
3.039842e+02
3.039842e+02
3.039842e+02
2.935954e+02
2.935954e+02
2.935954e+02
2.935954e+02
2.935954e+02
2.935954e+02
2.935954e+02
2.935954e+02
2.935954e+02
2.935954e+02
2.935954e+02
2.935954e+02
2.935954e+02
2.935954e+02
2.935954e+02
2.935954e+02
2.935954e+02
2.935954e+02
2.935954e+02
2.935954e+02
2.935954e+02
2.935954e+02
2.935954e+02
2.935954e+02
2.935954e+02
2.935954e+02
2.935954e+02
2.935954e+02
2.935954e+02
2.935954e+02
2.935954e+02
2.935954e+02
2.935954e+02
2.935954e+02
2.935954e+02
2.935954e+02
2.935954e+02
2.935954e+02
2.935954e+02
2.935954e+02
2.935954e+02
2.935954e+02
2.935954e+02
2.935954e+02
2.935954e+02
2.935954e+02
2.935954e+02
2.935954e+02
2.935954e+02
2.935954e+02
2.935954e+02
2.935954e+02
2.935954e+02
2.935954e+02
2.935954e+02
2.935954e+02
2.935954e+02
2.935954e+02
2.935954e+02
2.935954e+02
2.935954e+02
2.935954e+02
2.935954e+02
2.935954e+02
2.935954e+02
2.935954e+02
2.935954e+02
2.935954e+02
2.935954e+02
2.935954e+02
2.935954e+02
2.935954e+02
2.935954e+02
2.935954e+02
2.935954e+02
2.935954e+02
2.935954e+02
2.935954e+02
2.935954e+02
2.935954e+02
2.935954e+02
2.935954e+02
2.935954e+02
2.935954e+02
2.935954e+02
2.935954e+02
2.935954e+02
2.935954e+02
2.935954e+02
2.935954e+02
2.935954e+02
2.935954e+02
2.935954e+02
2.935954e+02
2.935954e+02
2.935954e+02
2.935954e+02
2.935954e+02
2.935954e+02
2.935954e+02
2.935954e+02
2.935954e+02
2.935954e+02
2.935954e+02
2.935954e+02
2.935954e+02
2.935954e+02
2.935954e+02
2.935954e+02
2.935954e+02
2.935954e+02
2.935954e+02
2.935954e+02
2.935954e+02
2.935954e+02
2.935954e+02
2.935954e+02
2.935954e+02
2.935954e+02
2.935954e+02
2.935954e+02
2.935828e+02
2.935828e+02
2.935828e+02
2.935828e+02
2.935828e+02
2.935828e+02
2.935828e+02
2.935828e+02
2.935828e+02
2.935828e+02
2.935828e+02
2.935828e+02
2.935828e+02
2.935828e+02
2.935828e+02
2.935828e+02
2.935828e+02
2.935828e+02
2.935828e+02
2.935828e+02
2.935828e+02
2.935828e+02
2.935828e+02
2.935828e+02
2.935828e+02
2.935828e+02
2.935828e+02
2.935828e+02
2.935828e+02
2.935828e+02
2.935828e+02
2.935828e+02
2.935828e+02
2.935828e+02
2.935828e+02
2.935828e+02
2.935828e+02
2.935828e+02
2.935828e+02
2.935828e+02
2.935828e+02
2.935828e+02
2.935828e+02
2.935828e+02
2.935828e+02
2.935828e+02
2.935828e+02
2.935828e+02
2.935828e+02
2.935828e+02
2.935828e+02
2.935828e+02
2.935828e+02
2.935828e+02
2.935828e+02
2.935828e+02
2.935828e+02
2.935828e+02
2.935828e+02
2.935828e+02
2.935828e+02
2.935828e+02
2.935828e+02
2.935828e+02
2.935828e+02
2.935828e+02
2.935828e+02
2.935828e+02
2.935828e+02
2.935828e+02
2.935828e+02
2.935828e+02
2.935828e+02
2.935828e+02
2.935828e+02
2.935828e+02
2.935828e+02
2.935828e+02
2.935828e+02
2.935828e+02
2.935828e+02
2.935828e+02
2.935828e+02
2.935828e+02
2.935828e+02
2.935828e+02
2.935828e+02
2.935828e+02
2.935828e+02
2.935828e+02
2.935828e+02
2.935828e+02
2.935828e+02
2.935828e+02
2.843509e+02
2.843509e+02
2.843509e+02
2.843509e+02
2.843509e+02
2.843509e+02
2.843509e+02
2.843509e+02
2.843509e+02
2.843509e+02
2.843509e+02
2.843509e+02
2.843509e+02
2.843509e+02
2.843509e+02
2.843509e+02
2.843509e+02
2.843509e+02
2.843509e+02
2.843509e+02
2.841535e+02
2.841535e+02
2.841535e+02
2.841535e+02
2.841535e+02
2.841535e+02
2.841535e+02
2.841535e+02
2.841535e+02
2.841535e+02
2.841535e+02
2.841535e+02
2.841535e+02
2.841535e+02
2.841535e+02
2.841535e+02
2.841535e+02
2.841535e+02
2.841535e+02
2.841535e+02
2.841535e+02
2.841535e+02
2.841535e+02
2.841535e+02
2.841535e+02
2.841535e+02
2.841535e+02
2.841535e+02
2.841535e+02
2.841535e+02
2.841535e+02
2.841535e+02
2.841535e+02
2.841535e+02
2.841535e+02
2.841535e+02
2.841535e+02
2.841535e+02
2.841535e+02
2.841535e+02
2.841535e+02
2.841535e+02
2.841535e+02
2.841535e+02
2.841535e+02
2.841535e+02
2.841535e+02
2.821831e+02
2.786657e+02
2.786657e+02
2.786657e+02
2.786657e+02
2.786657e+02
2.786657e+02
2.786657e+02
2.786657e+02
2.786657e+02
2.786657e+02
2.786657e+02
2.786657e+02
2.786657e+02
2.786657e+02
2.786657e+02
2.786657e+02
2.786657e+02
2.786657e+02
2.786657e+02
2.786657e+02
2.786657e+02
2.786657e+02
2.786657e+02
2.786657e+02
2.786657e+02
2.786657e+02
2.786657e+02
2.786657e+02
2.786657e+02
2.786657e+02
2.786657e+02
2.786657e+02
2.786657e+02
2.786657e+02
2.786657e+02
2.786657e+02
2.786657e+02
2.786657e+02
2.786657e+02
2.786657e+02
2.786657e+02
2.786657e+02
2.786044e+02
2.786044e+02
2.786044e+02
2.786044e+02
2.786044e+02
2.786044e+02
2.786044e+02
2.786044e+02
2.786044e+02
2.786044e+02
2.786044e+02
2.786044e+02
2.786044e+02
2.786044e+02
2.786044e+02
2.786044e+02
2.786044e+02
2.786044e+02
2.786044e+02
2.786044e+02
2.786044e+02
2.786044e+02
2.786044e+02
2.786044e+02
2.786044e+02
2.786044e+02
2.786044e+02
2.786044e+02
2.786044e+02
2.786044e+02
2.786044e+02
2.786044e+02
2.786044e+02
2.786044e+02
2.786044e+02
2.786044e+02
2.786044e+02
2.786044e+02
2.786044e+02
2.786044e+02
2.786044e+02
2.786044e+02
2.786044e+02
2.786044e+02
2.786044e+02
2.786044e+02
2.786044e+02
2.786044e+02
2.786044e+02
2.786044e+02
2.786044e+02
2.786044e+02
2.786044e+02
2.786044e+02
2.786044e+02
2.786044e+02
2.786044e+02
2.786044e+02
2.786044e+02
2.786044e+02
2.786044e+02
2.786044e+02
2.786044e+02
2.786044e+02
2.786044e+02
2.786044e+02
2.786044e+02
2.786044e+02
2.786044e+02
2.786044e+02
2.786044e+02
2.786044e+02
2.786044e+02
2.786044e+02
2.786044e+02
2.786044e+02
2.786044e+02
2.786044e+02
2.786044e+02
2.786044e+02
2.786044e+02
2.786044e+02
2.786044e+02
2.786044e+02
2.786044e+02
2.786044e+02
2.786044e+02
2.786044e+02
2.786044e+02
2.786044e+02
2.786044e+02
2.786044e+02
2.786044e+02
2.786044e+02
2.786044e+02
2.786044e+02
2.786044e+02
2.786044e+02
2.786044e+02
2.786044e+02
2.786044e+02
2.786044e+02
2.786044e+02
2.786044e+02
2.786044e+02
2.786044e+02
2.786044e+02
2.786044e+02
2.786044e+02
2.786044e+02
2.786044e+02
2.786044e+02
2.786044e+02
2.786044e+02
2.786044e+02
2.786044e+02
2.786044e+02
2.786044e+02
2.786044e+02
2.786044e+02
2.726214e+02
2.726214e+02
2.726214e+02
2.726214e+02
2.726214e+02
2.726214e+02
2.726214e+02
2.726214e+02
2.726214e+02
2.726214e+02
2.726214e+02
2.726214e+02
2.726214e+02
2.726214e+02
2.726214e+02
2.726214e+02
2.726214e+02
2.726214e+02
2.726214e+02
2.726214e+02
2.726214e+02
2.726214e+02
2.726214e+02
2.726214e+02
2.726214e+02
2.726214e+02
2.726214e+02
2.726214e+02
2.726214e+02
2.726214e+02
2.726214e+02
2.726214e+02
2.726214e+02
2.726214e+02
2.726214e+02
2.726214e+02
2.726214e+02
2.726214e+02
2.726214e+02
2.726214e+02
2.726214e+02
2.726214e+02
2.726214e+02
2.726214e+02
2.726214e+02
2.726214e+02
2.726214e+02
2.726214e+02
2.726214e+02
2.726214e+02
2.726214e+02
2.726214e+02
2.726214e+02
2.726214e+02
2.726214e+02
2.726214e+02
2.726214e+02
2.726214e+02
2.726214e+02
2.726214e+02
2.726214e+02
2.726214e+02
2.726214e+02
2.726214e+02
2.726214e+02
2.726214e+02
2.726214e+02
2.726214e+02
2.726214e+02
2.726214e+02
2.726214e+02
2.726214e+02
2.726214e+02
2.726214e+02
2.726214e+02
2.726214e+02
2.726214e+02
2.726214e+02
2.726214e+02
2.726214e+02
2.726214e+02
2.726214e+02
2.726214e+02
2.726214e+02
2.699450e+02
2.687498e+02
2.687498e+02
2.687498e+02
2.687498e+02
2.687498e+02
2.687498e+02
2.687498e+02
2.687498e+02
2.687498e+02
2.687498e+02
2.687498e+02
2.687498e+02
2.687498e+02
2.687498e+02
2.687498e+02
2.687498e+02
2.687498e+02
2.687498e+02
2.687498e+02
2.687498e+02
2.687498e+02
2.687498e+02
2.687498e+02
2.687498e+02
2.687498e+02
2.687498e+02
2.687498e+02
2.687498e+02
2.687498e+02
2.687498e+02
2.687498e+02
2.687498e+02
2.687498e+02
2.687498e+02
2.687498e+02
2.687498e+02
2.687498e+02
2.687498e+02
2.687498e+02
2.687498e+02
2.687498e+02
2.687498e+02
2.687498e+02
2.687498e+02
2.687498e+02
2.684902e+02
2.684902e+02
2.684902e+02
2.684902e+02
2.684902e+02
2.684902e+02
2.684902e+02
2.684902e+02
2.684399e+02
2.684399e+02
2.684399e+02
2.684399e+02
2.684399e+02
2.684399e+02
2.684399e+02
2.684399e+02
2.684399e+02
2.684399e+02
2.684399e+02
2.684399e+02
2.684399e+02
2.684399e+02
2.684399e+02
2.684399e+02
2.684399e+02
2.684399e+02
2.684399e+02
2.684399e+02
2.684399e+02
2.684399e+02
2.684399e+02
2.684399e+02
2.684399e+02
2.684399e+02
2.684399e+02
2.684399e+02
2.684399e+02
2.684399e+02
2.684399e+02
2.684399e+02
2.684399e+02
2.684399e+02
2.684399e+02
2.684399e+02
2.684399e+02
2.684399e+02
2.684399e+02
2.684399e+02
2.684399e+02
2.684399e+02
2.684399e+02
2.684399e+02
2.684399e+02
2.684399e+02
2.684399e+02
2.684399e+02
2.684399e+02
2.684399e+02
2.684399e+02
2.684399e+02
2.684399e+02
2.684399e+02
2.684399e+02
2.684399e+02
2.684399e+02
2.684399e+02
2.684399e+02
2.684399e+02
2.684399e+02
2.684399e+02
2.684399e+02
2.684399e+02
2.684399e+02
2.684399e+02
2.684399e+02
2.684399e+02
2.684399e+02
2.684399e+02
2.684399e+02
2.684399e+02
2.684399e+02
2.684399e+02
2.684399e+02
2.684399e+02
2.684399e+02
2.684399e+02
2.669897e+02
2.669897e+02
2.669897e+02
2.669897e+02
2.669897e+02
2.669897e+02
2.669897e+02
2.669897e+02
2.669897e+02
2.669897e+02
2.669897e+02
2.669897e+02
2.669897e+02
2.669897e+02
2.669897e+02
2.669897e+02
2.669897e+02
2.669897e+02
2.669897e+02
2.669897e+02
2.669897e+02
2.669897e+02
2.669897e+02
2.669897e+02
2.669897e+02
2.669897e+02
2.669897e+02
2.669897e+02
2.669897e+02
2.664968e+02
2.664968e+02
2.664968e+02
2.664968e+02
2.664968e+02
2.664968e+02
2.664968e+02
2.664968e+02
2.664968e+02
2.664968e+02
2.664968e+02
2.664968e+02
2.664968e+02
2.664968e+02
2.664968e+02
2.664968e+02
2.664968e+02
2.664968e+02
2.664968e+02
2.664968e+02
2.664968e+02
2.664968e+02
2.664968e+02
2.664968e+02
2.664968e+02
2.664968e+02
2.664968e+02
2.664968e+02
2.664968e+02
2.664968e+02
2.664968e+02
2.664968e+02
2.664968e+02
2.664968e+02
2.664968e+02
2.664968e+02
2.664968e+02
2.664968e+02
2.664968e+02
2.664968e+02
2.664968e+02
2.664968e+02
2.664968e+02
2.664968e+02
2.664968e+02
2.664968e+02
2.664968e+02
2.664968e+02
2.664968e+02
2.664968e+02
2.664968e+02
2.664968e+02
2.664968e+02
2.664968e+02
2.664968e+02
2.664968e+02
2.664968e+02
2.664968e+02
2.664968e+02
2.664968e+02
2.664968e+02
2.664968e+02
2.664968e+02
2.664968e+02
2.664968e+02
2.664968e+02
2.664968e+02
2.664968e+02
2.664968e+02
2.664968e+02
2.664968e+02
2.664968e+02
2.664968e+02
2.664968e+02
2.664968e+02
2.664968e+02
2.664968e+02
2.664968e+02
2.664968e+02
2.664968e+02
2.664968e+02
2.664968e+02
2.664968e+02
2.664968e+02
2.664968e+02
2.664968e+02
2.664968e+02
2.664968e+02
2.664968e+02
2.664968e+02
2.664968e+02
2.664968e+02
2.664968e+02
2.664968e+02
2.664968e+02
2.664968e+02
2.664968e+02
2.664968e+02
2.664968e+02
2.664968e+02
2.664968e+02
2.664968e+02
2.664968e+02
2.664968e+02
2.664968e+02
2.664968e+02
2.664968e+02
2.664968e+02
2.664968e+02
2.664968e+02
2.664968e+02
2.664968e+02
2.664968e+02
2.664968e+02
2.664968e+02
2.664968e+02
2.664968e+02
2.664968e+02
2.664968e+02
2.664968e+02
2.664968e+02
2.664968e+02
2.664968e+02
2.664968e+02
2.581910e+02
2.581910e+02
2.581910e+02
2.581910e+02
2.581910e+02
2.581910e+02
2.581910e+02
2.581910e+02
2.581910e+02
2.581910e+02
2.581910e+02
2.581910e+02
2.581910e+02
2.581910e+02
2.581910e+02
2.581910e+02
2.581910e+02
2.581513e+02
2.581513e+02
2.581513e+02
2.581513e+02
2.581513e+02
2.581513e+02
2.581513e+02
2.581513e+02
2.581513e+02
2.581513e+02
2.581513e+02
2.581513e+02
2.581513e+02
2.581513e+02
2.581513e+02
2.581513e+02
2.581513e+02
2.581513e+02
2.581513e+02
2.581513e+02
2.581513e+02
2.581513e+02
2.581513e+02
2.581513e+02
2.581513e+02
2.581513e+02
2.581513e+02
2.581513e+02
2.581513e+02
2.581513e+02
2.581513e+02
2.581513e+02
2.581513e+02
2.535530e+02
2.535530e+02
2.535530e+02
2.535530e+02
2.530954e+02
2.530954e+02
2.530954e+02
2.530954e+02
2.530954e+02
2.530954e+02
2.530954e+02
2.530954e+02
2.530954e+02
2.530954e+02
2.530954e+02
2.530954e+02
2.530954e+02
2.530954e+02
2.530954e+02
2.530954e+02
2.530954e+02
2.530954e+02
2.530954e+02
2.530954e+02
2.530954e+02
2.530954e+02
2.530954e+02
2.530954e+02
2.530954e+02
2.530954e+02
2.530954e+02
2.530954e+02
2.530954e+02
2.530954e+02
2.530954e+02
2.530954e+02
2.530954e+02
2.530954e+02
2.530954e+02
2.530954e+02
2.530954e+02
2.530954e+02
2.530954e+02
2.530954e+02
2.505388e+02
2.505388e+02
2.505388e+02
2.505388e+02
2.505388e+02
2.505388e+02
2.505388e+02
2.505388e+02
2.505388e+02
2.505388e+02
2.505388e+02
2.505388e+02
2.505388e+02
2.505388e+02
2.505388e+02
2.505388e+02
2.505388e+02
2.505388e+02
2.505388e+02
2.505388e+02
2.505388e+02
2.497752e+02
2.497752e+02
2.497752e+02
2.497752e+02
2.497752e+02
2.497752e+02
2.497752e+02
2.497752e+02
2.497752e+02
2.497752e+02
2.497752e+02
2.497752e+02
2.497752e+02
2.497752e+02
2.497752e+02
2.497752e+02
2.497752e+02
2.497752e+02
2.497752e+02
2.497752e+02
2.497752e+02
2.497752e+02
2.497752e+02
2.416848e+02
2.416848e+02
2.416848e+02
2.416848e+02
2.416848e+02
2.416848e+02
2.416848e+02
2.416848e+02
2.416848e+02
2.416848e+02
2.416848e+02
2.416848e+02
2.396906e+02
2.396906e+02
2.396906e+02
2.396906e+02
2.396906e+02
2.396906e+02
2.396906e+02
2.396906e+02
2.396906e+02
2.396906e+02
2.396906e+02
2.396906e+02
2.396906e+02
2.396906e+02
2.396906e+02
2.396906e+02
2.396906e+02
2.396906e+02
2.396906e+02
2.396906e+02
2.396906e+02
2.396906e+02
2.396906e+02
2.396906e+02
2.396906e+02
2.396906e+02
2.396906e+02
2.396906e+02
2.396906e+02
2.396906e+02
2.396906e+02
2.396906e+02
2.396906e+02
2.396906e+02
2.396906e+02
2.396906e+02
2.396906e+02
2.396906e+02
2.396906e+02
2.396906e+02
2.396906e+02
2.396906e+02
2.396906e+02
2.396906e+02
2.396906e+02
2.396906e+02
2.396906e+02
2.396906e+02
2.396906e+02
2.396906e+02
2.396906e+02
2.396906e+02
2.396906e+02
2.396906e+02
2.396906e+02
2.396906e+02
2.396906e+02
2.396906e+02
2.396906e+02
2.396906e+02
2.396906e+02
2.396906e+02
2.396906e+02
2.396906e+02
2.396906e+02
2.396906e+02
2.396906e+02
2.396906e+02
2.396906e+02
2.396906e+02
2.396906e+02
2.396906e+02
2.396906e+02
2.396906e+02
2.396906e+02
2.396906e+02
2.396906e+02
2.334311e+02
2.334311e+02
2.334311e+02
2.334311e+02
2.334311e+02
2.334311e+02
2.334311e+02
2.334311e+02
2.334311e+02
2.334311e+02
2.334311e+02
2.334311e+02
2.334311e+02
2.334311e+02
2.334311e+02
2.334311e+02
2.334311e+02
2.334311e+02
2.334311e+02
2.334311e+02
2.334311e+02
2.334311e+02
2.334311e+02
2.334311e+02
2.334311e+02
2.334311e+02
2.334311e+02
2.334311e+02
2.334311e+02
2.334311e+02
2.334311e+02
2.334311e+02
2.334311e+02
2.334311e+02
2.334311e+02
2.334311e+02
2.334311e+02
2.334311e+02
2.334311e+02
2.334311e+02
2.334311e+02
2.334311e+02
2.334311e+02
2.334311e+02
2.334311e+02
2.334311e+02
2.334311e+02
2.334311e+02
2.334311e+02
2.334311e+02
2.334311e+02
2.334311e+02
2.334311e+02
2.334311e+02
2.334311e+02
2.334311e+02
2.334311e+02
2.334311e+02
2.334311e+02
2.334311e+02
2.334311e+02
2.334311e+02
2.334311e+02
2.334311e+02
2.334311e+02
2.334311e+02
2.334311e+02
2.334311e+02
2.334311e+02
2.334311e+02
2.334311e+02
2.334311e+02
2.334311e+02
2.334311e+02
2.334311e+02
2.334311e+02
2.334311e+02
2.334311e+02
2.334311e+02
2.334311e+02
2.334311e+02
2.334311e+02
2.334311e+02
2.334311e+02
2.334311e+02
2.334311e+02
2.334311e+02
2.334311e+02
2.334311e+02
2.334311e+02
2.330152e+02
2.330152e+02
2.330152e+02
2.330152e+02
2.330152e+02
2.330152e+02
2.330152e+02
2.330152e+02
2.330152e+02
2.330152e+02
2.330152e+02
2.330152e+02
2.330152e+02
2.330152e+02
2.330152e+02
2.330152e+02
2.330152e+02
2.330152e+02
2.330152e+02
2.330152e+02
2.330152e+02
2.330152e+02
2.330152e+02
2.330152e+02
2.330152e+02
2.330152e+02
2.330152e+02
2.330152e+02
2.330152e+02
2.330152e+02
2.330152e+02
2.330152e+02
2.330152e+02
2.330152e+02
2.330152e+02
2.330152e+02
2.330152e+02
2.330152e+02
2.330152e+02
2.330152e+02
2.330152e+02
2.330152e+02
2.330152e+02
2.330152e+02
2.330152e+02
2.330152e+02
2.330152e+02
2.330152e+02
2.330152e+02
2.330152e+02
2.321940e+02
2.321940e+02
2.321940e+02
2.321940e+02
2.321940e+02
2.321940e+02
2.321940e+02
2.321940e+02
2.321940e+02
2.321940e+02
2.321940e+02
2.321940e+02
2.321940e+02
2.321940e+02
2.321940e+02
2.321940e+02
2.321940e+02
2.321940e+02
2.321940e+02
2.321940e+02
2.321940e+02
2.321940e+02
2.321940e+02
2.321940e+02
2.321940e+02
2.321940e+02
2.321940e+02
2.321940e+02
2.321940e+02
2.321940e+02
2.321940e+02
2.321940e+02
2.321940e+02
2.321940e+02
2.313091e+02
2.313091e+02
2.313091e+02
2.313091e+02
2.313091e+02
2.313091e+02
2.313091e+02
2.313091e+02
2.313091e+02
2.313091e+02
2.313091e+02
2.313091e+02
2.313091e+02
2.313091e+02
2.313091e+02
2.313091e+02
2.313091e+02
2.313091e+02
2.313091e+02
2.313091e+02
2.313091e+02
2.313091e+02
2.313091e+02
2.313091e+02
2.313091e+02
2.313091e+02
2.313091e+02
2.313091e+02
2.313091e+02
2.313091e+02
2.313091e+02
2.313091e+02
2.313091e+02
2.313091e+02
2.313091e+02
2.313091e+02
2.313091e+02
2.313091e+02
2.313091e+02
2.313091e+02
2.313091e+02
2.313091e+02
2.313091e+02
2.313091e+02
2.313091e+02
2.313091e+02
2.313091e+02
2.313091e+02
2.313091e+02
2.313091e+02
2.313091e+02
2.313091e+02
2.313091e+02
2.313091e+02
2.313091e+02
2.313091e+02
2.313091e+02
2.313091e+02
2.313091e+02
2.313091e+02
2.313091e+02
2.313091e+02
2.313091e+02
2.313091e+02
2.313091e+02
2.313091e+02
2.313091e+02
2.313091e+02
2.313091e+02
2.313091e+02
2.313091e+02
2.313091e+02
2.313091e+02
2.313091e+02
2.313091e+02
2.313091e+02
2.313091e+02
2.313091e+02
2.313091e+02
2.313091e+02
2.313091e+02
2.313091e+02
2.313091e+02
2.313091e+02
2.313091e+02
2.313091e+02
2.313091e+02
2.313091e+02
2.313091e+02
2.313091e+02
2.313091e+02
2.313091e+02
2.313091e+02
2.313091e+02
2.313091e+02
2.313091e+02
2.313091e+02
2.313091e+02
2.313091e+02
2.313091e+02
2.313091e+02
2.298056e+02
2.298056e+02
2.298056e+02
2.298056e+02
2.298056e+02
2.298056e+02
2.298056e+02
2.245135e+02
2.245135e+02
2.245135e+02
2.245135e+02
2.245135e+02
2.245135e+02
2.245135e+02
2.245135e+02
2.245135e+02
2.245135e+02
2.245135e+02
2.245135e+02
2.245135e+02
2.245135e+02
2.245135e+02
2.245135e+02
2.245135e+02
2.245135e+02
2.245135e+02
2.245135e+02
2.245135e+02
2.245135e+02
2.245135e+02
2.245135e+02
2.245135e+02
2.245135e+02
2.245135e+02
2.245135e+02
2.245135e+02
2.245135e+02
2.245135e+02
9.455960e+02
9.416632e+02
9.416632e+02
8.138653e+02
8.138653e+02
8.138653e+02
8.138653e+02
8.138653e+02
8.138653e+02
8.138653e+02
8.138653e+02
8.138653e+02
8.138653e+02
8.098872e+02
8.098872e+02
8.098872e+02
8.098872e+02
8.098872e+02
8.098872e+02
8.098872e+02
8.098872e+02
8.098872e+02
8.098872e+02
8.098872e+02
7.963018e+02
7.963018e+02
7.963018e+02
7.963018e+02
7.719745e+02
7.719745e+02
7.719745e+02
7.719745e+02
7.719745e+02
7.719745e+02
7.719745e+02
7.719745e+02
7.071344e+02
7.071344e+02
7.071344e+02
7.071344e+02
7.071344e+02
7.071344e+02
7.071344e+02
7.071344e+02
7.071344e+02
7.071344e+02
7.071344e+02
7.071344e+02
7.071344e+02
7.071344e+02
7.071344e+02
7.071344e+02
7.071344e+02
7.071344e+02
7.071344e+02
7.071344e+02
7.071344e+02
7.071344e+02
7.071344e+02
7.071344e+02
7.071344e+02
7.071344e+02
7.071344e+02
7.071344e+02
7.071344e+02
7.071344e+02
7.071344e+02
7.071344e+02
7.071344e+02
7.071344e+02
7.071344e+02
7.071344e+02
7.071344e+02
7.071344e+02
7.071344e+02
7.071344e+02
7.071344e+02
7.071344e+02
7.071344e+02
7.071344e+02
7.071344e+02
7.071344e+02
7.071344e+02
7.071344e+02
7.071344e+02
7.071344e+02
7.071344e+02
7.071344e+02
7.071344e+02
7.071344e+02
7.071344e+02
7.071344e+02
7.071344e+02
7.071344e+02
7.071344e+02
7.071344e+02
7.071344e+02
7.071344e+02
7.071344e+02
7.071344e+02
7.071344e+02
7.071344e+02
7.071344e+02
7.071344e+02
7.071344e+02
7.071344e+02
6.926429e+02
6.926429e+02
6.926429e+02
6.926429e+02
6.926429e+02
6.926429e+02
6.926429e+02
6.926429e+02
6.926429e+02
6.926429e+02
6.926429e+02
6.926429e+02
6.926429e+02
6.926429e+02
6.926429e+02
6.926429e+02
6.926429e+02
6.926429e+02
6.890081e+02
6.890081e+02
6.890081e+02
6.890081e+02
6.890081e+02
6.890081e+02
6.890081e+02
6.890081e+02
6.890081e+02
6.890081e+02
6.890081e+02
6.890081e+02
6.890081e+02
6.890081e+02
6.751626e+02
6.751626e+02
6.751626e+02
6.751626e+02
6.751626e+02
6.751626e+02
6.751626e+02
6.751626e+02
6.751626e+02
6.751626e+02
6.597203e+02
6.597203e+02
6.565110e+02
6.565110e+02
6.565110e+02
6.565110e+02
6.565110e+02
6.565110e+02
6.565110e+02
6.565110e+02
6.565110e+02
6.565110e+02
6.565110e+02
6.565110e+02
6.565110e+02
6.565110e+02
6.565110e+02
6.565110e+02
6.530628e+02
6.530628e+02
6.530628e+02
6.530628e+02
6.530628e+02
6.530628e+02
6.530628e+02
6.530628e+02
6.530628e+02
6.521011e+02
6.521011e+02
6.521011e+02
6.521011e+02
6.441845e+02
6.441845e+02
6.285540e+02
6.285540e+02
6.285540e+02
6.285540e+02
6.285540e+02
6.285540e+02
6.285540e+02
6.285540e+02
6.277409e+02
6.277409e+02
6.277409e+02
6.277409e+02
6.277409e+02
6.277409e+02
6.277409e+02
6.277409e+02
6.167619e+02
6.167619e+02
6.167619e+02
6.167619e+02
6.167619e+02
6.167619e+02
6.167619e+02
6.167619e+02
6.167619e+02
6.167619e+02
6.167619e+02
6.167619e+02
6.167619e+02
6.167619e+02
6.167619e+02
6.167619e+02
6.167619e+02
6.167619e+02
6.167619e+02
6.167619e+02
6.167619e+02
6.167619e+02
6.167619e+02
6.167619e+02
6.167619e+02
6.167619e+02
6.167619e+02
6.101877e+02
6.101877e+02
6.097478e+02
6.097478e+02
6.097478e+02
6.097478e+02
6.097478e+02
6.097478e+02
6.097478e+02
6.097478e+02
6.097478e+02
6.097478e+02
6.097478e+02
6.097478e+02
5.977312e+02
5.977312e+02
5.977312e+02
5.977312e+02
5.977312e+02
5.977312e+02
5.977312e+02
5.977312e+02
5.977312e+02
5.977312e+02
5.977312e+02
5.977312e+02
5.977312e+02
5.977312e+02
5.977312e+02
5.977312e+02
5.977312e+02
5.977312e+02
5.977312e+02
5.977312e+02
5.977312e+02
5.977312e+02
5.977312e+02
5.977312e+02
5.977312e+02
5.977312e+02
5.977312e+02
5.977312e+02
5.977312e+02
5.977312e+02
5.977312e+02
5.977312e+02
5.977312e+02
5.977312e+02
5.977312e+02
5.977312e+02
5.977312e+02
5.977312e+02
5.977312e+02
5.977312e+02
5.977312e+02
5.977312e+02
5.977312e+02
5.977312e+02
5.977312e+02
5.977312e+02
5.977312e+02
5.977312e+02
5.977312e+02
5.977312e+02
5.977312e+02
5.977312e+02
5.977312e+02
5.977312e+02
5.977312e+02
5.977312e+02
5.977312e+02
5.977312e+02
5.977312e+02
5.977312e+02
5.977312e+02
5.977312e+02
5.977312e+02
5.977312e+02
5.977312e+02
5.977312e+02
5.977312e+02
5.977312e+02
5.977312e+02
5.977312e+02
5.960447e+02
5.960447e+02
5.960447e+02
5.960447e+02
5.960447e+02
5.960447e+02
5.960447e+02
5.960447e+02
5.960447e+02
5.960447e+02
5.783751e+02
5.783751e+02
5.783751e+02
5.783751e+02
5.783751e+02
5.783751e+02
5.783751e+02
5.783751e+02
5.783751e+02
5.783751e+02
5.591844e+02
5.591633e+02
5.591633e+02
5.591633e+02
5.591633e+02
5.591633e+02
5.591633e+02
5.591633e+02
5.591633e+02
5.591633e+02
5.591633e+02
5.591633e+02
5.591633e+02
5.591633e+02
5.591633e+02
5.591633e+02
5.591633e+02
5.591633e+02
5.591633e+02
5.591633e+02
5.591633e+02
5.591633e+02
5.591633e+02
5.591633e+02
5.560380e+02
5.560380e+02
5.560380e+02
5.560380e+02
5.560380e+02
5.560380e+02
5.560380e+02
5.560380e+02
5.560380e+02
5.560380e+02
5.560380e+02
5.560380e+02
5.560380e+02
5.560380e+02
5.539810e+02
5.539810e+02
5.539810e+02
5.539810e+02
5.539810e+02
5.539810e+02
5.539810e+02
5.539810e+02
5.539810e+02
5.539810e+02
5.539810e+02
5.539810e+02
5.539810e+02
5.539810e+02
5.539810e+02
5.539810e+02
5.539810e+02
5.539810e+02
5.539810e+02
5.539810e+02
5.539810e+02
5.539810e+02
5.539810e+02
5.539810e+02
5.539810e+02
5.539810e+02
5.539810e+02
5.539810e+02
5.539810e+02
5.539810e+02
5.539810e+02
5.539810e+02
5.539810e+02
5.539810e+02
5.539810e+02
5.539810e+02
5.539810e+02
5.535283e+02
5.535283e+02
5.535283e+02
5.535283e+02
5.535283e+02
5.535283e+02
5.535283e+02
5.535283e+02
5.535283e+02
5.535283e+02
5.535283e+02
5.535283e+02
5.535283e+02
5.535283e+02
5.535283e+02
5.535283e+02
5.535283e+02
5.535283e+02
5.535283e+02
5.535283e+02
5.535283e+02
5.535283e+02
5.535283e+02
5.535283e+02
5.535283e+02
5.535283e+02
5.535283e+02
5.535283e+02
5.535283e+02
5.535283e+02
5.535283e+02
5.535283e+02
5.535283e+02
5.535283e+02
5.535283e+02
5.535283e+02
5.535283e+02
5.535283e+02
5.535283e+02
5.535283e+02
5.535283e+02
5.535283e+02
5.535283e+02
5.535283e+02
5.535283e+02
5.535283e+02
5.535283e+02
5.535283e+02
5.535283e+02
5.535283e+02
5.535283e+02
5.535283e+02
5.535283e+02
5.535283e+02
5.535283e+02
5.535283e+02
5.535283e+02
5.535283e+02
5.535283e+02
5.535283e+02
5.535283e+02
5.535283e+02
5.535283e+02
5.535283e+02
5.535283e+02
5.535283e+02
5.535283e+02
5.535283e+02
5.535283e+02
5.535283e+02
5.535283e+02
5.535283e+02
5.535283e+02
5.535283e+02
5.535283e+02
5.535283e+02
5.535283e+02
5.535283e+02
5.535283e+02
5.535283e+02
5.535283e+02
5.535283e+02
5.535283e+02
5.535283e+02
5.535283e+02
5.535283e+02
5.535283e+02
5.535283e+02
5.535283e+02
5.535283e+02
5.535283e+02
5.535283e+02
5.535283e+02
5.535283e+02
5.535283e+02
5.535283e+02
5.535283e+02
5.535283e+02
5.535283e+02
5.535283e+02
5.535283e+02
5.535283e+02
5.535283e+02
5.535283e+02
5.535283e+02
5.447131e+02
5.447131e+02
5.447131e+02
5.447131e+02
5.447131e+02
5.433490e+02
5.433490e+02
5.433490e+02
5.433490e+02
5.433490e+02
5.433490e+02
5.433490e+02
5.433490e+02
5.433490e+02
5.433490e+02
5.433490e+02
5.433490e+02
5.433490e+02
5.433490e+02
5.433490e+02
5.433490e+02
5.433490e+02
5.433490e+02
5.433490e+02
5.433490e+02
5.433490e+02
5.433490e+02
5.433490e+02
5.433490e+02
5.433490e+02
5.433490e+02
5.433490e+02
5.433490e+02
5.433490e+02
5.433490e+02
5.433490e+02
5.433490e+02
5.433490e+02
5.433490e+02
5.429436e+02
5.429436e+02
5.429436e+02
5.429436e+02
5.429436e+02
5.429436e+02
5.429436e+02
5.429436e+02
5.429436e+02
5.429436e+02
5.429436e+02
5.429436e+02
5.429436e+02
5.429436e+02
5.429436e+02
5.429436e+02
5.429436e+02
5.429436e+02
5.429436e+02
5.429436e+02
5.429436e+02
5.429436e+02
5.429436e+02
5.429436e+02
5.429436e+02
5.429436e+02
5.429436e+02
5.429436e+02
5.429436e+02
5.420318e+02
5.420318e+02
5.420318e+02
5.420318e+02
5.319161e+02
5.319161e+02
5.319161e+02
5.319161e+02
5.319161e+02
5.319161e+02
5.319161e+02
5.319161e+02
5.319161e+02
5.319161e+02
5.319161e+02
5.319161e+02
5.319161e+02
5.319161e+02
5.319161e+02
5.319161e+02
5.319161e+02
5.319161e+02
5.319161e+02
5.319161e+02
5.319161e+02
5.319161e+02
5.319161e+02
5.319161e+02
5.319161e+02
5.319161e+02
5.319161e+02
5.319161e+02
5.319161e+02
5.319161e+02
5.319161e+02
5.319161e+02
5.319161e+02
5.319161e+02
5.319161e+02
5.319161e+02
5.319161e+02
5.319161e+02
5.319161e+02
5.319161e+02
5.319161e+02
5.319161e+02
5.319161e+02
5.319161e+02
5.319161e+02
5.319161e+02
5.319161e+02
5.319161e+02
5.319161e+02
5.319161e+02
5.319161e+02
5.319161e+02
5.319161e+02
5.319161e+02
5.319161e+02
5.319161e+02
5.319161e+02
5.319161e+02
5.319161e+02
5.319161e+02
5.319161e+02
5.319161e+02
5.319161e+02
5.319161e+02
5.319161e+02
5.319161e+02
5.319161e+02
5.319161e+02
5.319161e+02
5.319161e+02
5.319161e+02
5.319161e+02
5.319161e+02
5.319161e+02
5.319161e+02
5.319161e+02
5.319161e+02
5.319161e+02
5.319161e+02
5.319161e+02
5.319161e+02
5.319161e+02
5.306711e+02
5.306711e+02
5.306711e+02
5.306711e+02
5.292856e+02
5.292856e+02
5.292856e+02
5.292856e+02
5.292856e+02
5.292856e+02
5.292856e+02
5.292856e+02
5.292856e+02
5.292856e+02
5.292856e+02
5.292856e+02
5.292856e+02
5.292856e+02
5.292856e+02
5.289609e+02
5.289609e+02
5.289609e+02
5.289609e+02
5.289609e+02
5.289609e+02
5.267264e+02
5.267264e+02
5.267264e+02
5.267264e+02
5.267264e+02
5.267264e+02
5.267264e+02
5.267264e+02
5.267264e+02
5.267264e+02
5.267264e+02
5.264171e+02
5.264171e+02
5.264171e+02
5.264171e+02
5.264171e+02
5.264171e+02
5.264171e+02
5.264171e+02
5.264171e+02
5.264171e+02
5.264171e+02
5.264171e+02
5.264171e+02
5.264171e+02
5.264171e+02
5.264171e+02
5.264171e+02
5.264171e+02
5.264171e+02
5.264171e+02
5.264171e+02
5.264171e+02
5.264171e+02
5.264171e+02
5.264171e+02
5.264171e+02
5.264171e+02
5.264171e+02
5.264171e+02
5.264171e+02
5.264171e+02
5.264171e+02
5.263482e+02
5.263482e+02
5.263482e+02
5.263482e+02
5.162342e+02
5.162342e+02
5.162342e+02
5.162342e+02
5.162342e+02
5.162342e+02
5.162342e+02
5.162342e+02
5.162342e+02
5.162342e+02
5.162342e+02
5.162342e+02
5.162342e+02
5.162342e+02
5.162342e+02
5.162342e+02
5.162342e+02
5.162342e+02
5.162342e+02
5.162342e+02
5.162342e+02
5.162342e+02
5.162342e+02
5.162342e+02
5.162342e+02
5.162342e+02
5.162342e+02
5.162342e+02
5.147045e+02
5.147045e+02
5.147045e+02
5.147045e+02
5.147045e+02
5.147045e+02
5.147045e+02
5.147045e+02
5.147045e+02
5.147045e+02
5.147045e+02
5.080289e+02
5.080289e+02
5.080289e+02
5.080289e+02
5.080289e+02
5.080289e+02
5.080289e+02
5.080289e+02
5.080289e+02
5.080289e+02
5.080289e+02
5.080289e+02
5.080289e+02
5.080289e+02
5.080289e+02
5.080289e+02
5.080289e+02
5.080289e+02
5.080289e+02
5.080289e+02
5.080289e+02
5.080289e+02
5.080289e+02
5.080289e+02
5.080289e+02
5.080289e+02
5.080289e+02
5.080289e+02
5.079132e+02
5.079132e+02
5.079132e+02
5.079132e+02
5.079132e+02
5.079132e+02
5.079132e+02
5.079132e+02
5.079132e+02
5.079132e+02
5.079132e+02
5.079132e+02
5.079132e+02
5.079132e+02
5.079132e+02
5.079132e+02
5.079132e+02
5.079132e+02
5.079132e+02
5.079132e+02
5.079132e+02
5.079132e+02
5.079132e+02
5.002968e+02
5.002968e+02
5.002968e+02
5.002968e+02
5.002968e+02
5.002968e+02
5.002968e+02
5.002968e+02
5.002968e+02
5.002968e+02
5.002968e+02
5.002968e+02
5.002968e+02
5.002968e+02
5.002968e+02
5.002968e+02
4.987404e+02
4.987404e+02
4.987404e+02
4.987404e+02
4.987404e+02
4.987404e+02
4.987404e+02
4.987404e+02
4.987404e+02
4.987404e+02
4.987404e+02
4.987404e+02
4.746157e+02
4.546512e+02
4.546512e+02
4.546512e+02
4.546512e+02
4.546512e+02
4.546512e+02
4.546512e+02
4.546512e+02
4.546512e+02
4.546512e+02
4.546512e+02
4.546512e+02
4.546512e+02
4.546512e+02
4.546512e+02
4.546512e+02
4.546512e+02
4.546512e+02
4.546512e+02
4.546512e+02
4.546512e+02
4.546512e+02
4.546512e+02
4.546512e+02
4.546512e+02
4.546512e+02
4.546512e+02
4.546512e+02
4.546512e+02
4.546512e+02
4.546512e+02
4.546512e+02
4.546512e+02
4.546512e+02
4.546512e+02
4.546512e+02
4.546512e+02
4.546512e+02
4.546512e+02
4.546512e+02
4.546512e+02
4.546512e+02
4.546512e+02
4.546512e+02
4.546512e+02
4.546512e+02
4.546512e+02
4.546512e+02
4.546512e+02
4.546512e+02
4.546512e+02
4.546512e+02
4.546512e+02
4.546512e+02
4.546512e+02
4.546512e+02
4.546512e+02
4.546512e+02
4.546512e+02
4.546512e+02
4.546512e+02
4.546512e+02
4.546512e+02
4.546512e+02
4.546512e+02
4.546512e+02
4.546512e+02
4.546512e+02
4.546512e+02
4.546512e+02
4.546512e+02
4.546512e+02
4.546512e+02
4.546512e+02
4.546512e+02
4.546512e+02
4.546512e+02
4.546512e+02
4.546512e+02
4.546512e+02
4.546512e+02
4.546512e+02
4.546512e+02
4.546512e+02
4.546512e+02
4.546512e+02
4.546512e+02
4.546512e+02
4.546512e+02
4.546512e+02
4.546512e+02
4.546512e+02
4.546512e+02
4.546512e+02
4.546512e+02
4.546512e+02
4.546512e+02
4.546512e+02
4.546512e+02
4.546512e+02
4.546512e+02
4.546512e+02
4.546512e+02
4.546512e+02
4.546512e+02
4.546512e+02
4.546512e+02
4.545099e+02
4.545099e+02
4.545099e+02
4.545099e+02
4.545099e+02
4.545099e+02
4.545099e+02
4.545099e+02
4.545099e+02
4.545099e+02
4.545099e+02
4.545099e+02
4.545099e+02
4.545099e+02
4.545099e+02
4.545099e+02
4.545099e+02
4.545099e+02
4.545099e+02
4.545099e+02
4.545099e+02
4.545099e+02
4.545099e+02
4.545099e+02
4.545099e+02
4.545099e+02
4.545099e+02
4.545099e+02
4.545099e+02
4.545099e+02
4.545099e+02
4.545099e+02
4.545099e+02
4.545099e+02
4.545099e+02
4.545099e+02
4.545099e+02
4.545099e+02
4.545099e+02
4.545099e+02
4.545099e+02
4.545099e+02
4.545099e+02
4.545099e+02
4.545099e+02
4.545099e+02
4.545099e+02
4.545099e+02
4.545099e+02
4.545099e+02
4.545099e+02
4.545099e+02
4.485398e+02
4.482250e+02
4.482250e+02
4.482250e+02
4.482250e+02
4.482250e+02
4.482250e+02
4.482250e+02
4.482250e+02
4.482250e+02
4.482250e+02
4.482250e+02
4.482250e+02
4.482250e+02
4.482250e+02
4.482250e+02
4.482250e+02
4.482250e+02
4.482250e+02
4.482250e+02
4.482250e+02
4.482250e+02
4.482250e+02
4.482250e+02
4.482250e+02
4.482250e+02
4.482250e+02
4.482250e+02
4.482250e+02
4.482250e+02
4.482250e+02
4.482250e+02
4.482250e+02
4.482250e+02
4.482250e+02
4.482250e+02
4.482250e+02
4.469104e+02
4.469104e+02
4.469104e+02
4.469104e+02
4.469104e+02
4.469104e+02
4.469104e+02
4.469104e+02
4.469104e+02
4.469104e+02
4.469104e+02
4.469104e+02
4.469104e+02
4.469104e+02
4.469104e+02
4.469104e+02
4.469104e+02
4.469104e+02
4.469104e+02
4.469104e+02
4.469104e+02
4.276777e+02
4.276777e+02
4.276777e+02
4.276777e+02
4.276777e+02
4.276777e+02
4.276777e+02
4.276777e+02
4.276777e+02
4.276777e+02
4.276777e+02
4.276777e+02
4.276777e+02
4.269781e+02
4.269781e+02
4.269781e+02
4.269781e+02
4.269781e+02
4.269781e+02
4.269781e+02
4.269781e+02
4.269781e+02
4.269781e+02
4.269781e+02
4.269781e+02
4.269781e+02
4.269781e+02
4.269781e+02
4.269781e+02
4.269781e+02
4.269781e+02
4.269781e+02
4.269781e+02
4.269781e+02
4.269781e+02
4.269781e+02
4.269781e+02
4.269781e+02
4.269781e+02
4.269781e+02
4.269781e+02
4.269781e+02
4.269781e+02
4.269781e+02
4.269781e+02
4.269781e+02
4.269781e+02
4.269781e+02
4.269781e+02
4.269781e+02
4.269781e+02
4.269781e+02
4.269781e+02
4.269781e+02
4.269781e+02
4.269781e+02
4.269781e+02
4.269781e+02
4.269781e+02
4.269781e+02
4.269781e+02
4.269781e+02
4.257197e+02
4.257197e+02
4.257197e+02
4.257197e+02
4.257197e+02
4.257197e+02
4.257197e+02
4.257197e+02
4.257197e+02
4.257197e+02
4.257197e+02
4.257197e+02
4.257197e+02
4.257197e+02
4.257197e+02
4.257197e+02
4.257197e+02
4.257197e+02
4.257197e+02
4.257197e+02
4.257197e+02
4.257197e+02
4.257197e+02
4.257197e+02
4.257197e+02
4.257197e+02
4.257197e+02
4.257197e+02
4.257197e+02
4.156609e+02
4.156609e+02
4.156609e+02
4.126018e+02
4.126018e+02
4.126018e+02
4.126018e+02
4.126018e+02
4.126018e+02
4.112319e+02
4.112319e+02
4.112319e+02
4.112319e+02
4.112319e+02
4.112319e+02
4.112319e+02
4.112319e+02
4.112319e+02
4.112319e+02
4.112319e+02
4.112319e+02
4.112319e+02
4.112319e+02
4.112319e+02
4.112319e+02
4.112319e+02
4.112319e+02
4.112319e+02
4.112319e+02
4.112319e+02
4.112319e+02
4.112319e+02
4.112319e+02
4.112319e+02
4.112319e+02
4.112319e+02
4.112319e+02
4.112319e+02
4.112319e+02
4.112319e+02
4.112319e+02
4.112319e+02
4.112319e+02
4.112319e+02
4.112319e+02
4.112319e+02
4.112319e+02
4.112319e+02
4.112319e+02
4.112319e+02
4.112319e+02
4.112319e+02
4.112319e+02
4.112319e+02
4.112319e+02
4.112319e+02
4.112319e+02
4.112319e+02
4.112319e+02
4.112319e+02
4.112319e+02
4.112319e+02
4.112319e+02
4.112319e+02
4.112319e+02
4.112319e+02
4.112319e+02
4.112319e+02
4.112319e+02
4.112319e+02
4.112319e+02
4.112319e+02
4.112319e+02
4.112319e+02
4.112319e+02
4.112319e+02
4.112319e+02
4.112319e+02
4.112319e+02
4.112319e+02
4.112319e+02
4.112319e+02
4.112319e+02
4.112319e+02
4.112319e+02
4.112319e+02
4.112319e+02
4.112319e+02
4.112319e+02
4.112319e+02
4.112319e+02
4.112319e+02
4.112319e+02
4.112319e+02
4.112319e+02
4.112319e+02
4.112319e+02
4.112319e+02
4.112319e+02
4.112319e+02
4.112319e+02
4.112319e+02
4.112319e+02
4.112319e+02
4.112319e+02
4.112319e+02
4.112319e+02
4.112319e+02
4.112319e+02
4.112319e+02
4.112319e+02
4.112319e+02
4.112319e+02
4.112319e+02
4.112319e+02
4.112319e+02
4.112319e+02
4.112319e+02
4.112319e+02
4.112319e+02
4.112319e+02
4.112319e+02
4.112319e+02
4.112319e+02
4.112319e+02
4.112319e+02
4.112319e+02
4.112319e+02
4.112319e+02
4.112319e+02
4.112319e+02
4.112319e+02
4.112319e+02
4.112319e+02
4.112319e+02
4.112319e+02
4.112319e+02
4.053089e+02
4.053089e+02
4.053089e+02
4.053089e+02
4.053089e+02
4.053089e+02
4.053089e+02
4.053089e+02
4.053089e+02
4.053089e+02
4.053089e+02
4.053089e+02
4.053089e+02
4.053089e+02
4.053089e+02
4.053089e+02
4.053089e+02
4.053089e+02
4.053089e+02
4.053089e+02
4.053089e+02
4.053089e+02
4.053089e+02
4.053089e+02
4.053089e+02
4.053089e+02
4.053089e+02
4.053089e+02
4.053089e+02
4.053089e+02
4.053089e+02
4.053089e+02
4.053089e+02
4.053089e+02
4.053089e+02
4.053089e+02
4.053089e+02
4.053089e+02
4.053089e+02
4.053089e+02
4.053089e+02
4.053089e+02
4.053089e+02
4.053089e+02
4.053089e+02
4.053089e+02
4.053089e+02
4.053089e+02
4.053089e+02
4.053089e+02
4.053089e+02
4.053089e+02
4.053089e+02
4.053089e+02
4.053089e+02
4.053089e+02
4.053089e+02
4.053089e+02
4.053089e+02
4.053089e+02
4.053089e+02
4.053089e+02
4.053089e+02
4.053089e+02
4.053089e+02
4.053089e+02
4.053089e+02
4.053089e+02
4.053089e+02
4.053089e+02
4.053089e+02
4.053089e+02
4.053089e+02
4.053089e+02
4.053089e+02
4.053089e+02
4.053089e+02
4.053089e+02
4.053089e+02
4.053089e+02
4.053089e+02
4.053089e+02
4.053089e+02
4.023303e+02
4.023303e+02
4.023303e+02
4.023303e+02
4.023303e+02
4.023303e+02
4.023303e+02
4.023303e+02
4.023303e+02
4.023303e+02
4.023303e+02
4.023303e+02
4.023303e+02
3.982686e+02
3.982686e+02
3.982686e+02
3.982686e+02
3.982686e+02
3.982686e+02
3.982686e+02
3.982686e+02
3.982686e+02
3.982686e+02
3.982686e+02
3.982686e+02
3.982686e+02
3.982686e+02
3.982686e+02
3.982686e+02
3.982686e+02
3.982686e+02
3.982686e+02
3.982686e+02
3.982686e+02
3.982686e+02
3.982686e+02
3.982686e+02
3.982686e+02
3.982686e+02
3.982686e+02
3.982686e+02
3.982686e+02
3.982686e+02
3.982686e+02
3.982686e+02
3.982686e+02
3.982686e+02
3.982686e+02
3.982686e+02
3.982686e+02
3.982686e+02
3.982686e+02
3.982686e+02
3.982686e+02
3.982686e+02
3.982686e+02
3.982686e+02
3.982686e+02
3.982686e+02
3.982686e+02
3.982686e+02
3.982686e+02
3.982686e+02
3.982686e+02
3.982686e+02
3.982686e+02
3.982686e+02
3.982686e+02
3.982686e+02
3.982686e+02
3.982686e+02
3.982686e+02
3.982686e+02
3.982686e+02
3.982686e+02
3.982686e+02
3.982686e+02
3.982686e+02
3.982686e+02
3.982686e+02
3.982686e+02
3.982686e+02
3.982686e+02
3.982686e+02
3.982686e+02
3.982686e+02
3.982686e+02
3.982686e+02
3.982686e+02
3.982686e+02
3.982686e+02
3.982686e+02
3.982686e+02
3.982686e+02
3.982686e+02
3.982686e+02
3.982686e+02
3.982686e+02
3.982686e+02
3.982686e+02
3.982686e+02
3.982686e+02
3.982686e+02
3.982686e+02
3.982686e+02
3.982686e+02
3.982686e+02
3.982686e+02
3.982686e+02
3.982686e+02
3.982686e+02
3.982686e+02
3.982686e+02
3.982686e+02
3.982686e+02
3.982686e+02
3.982686e+02
3.982686e+02
3.982686e+02
3.982686e+02
3.982686e+02
3.982686e+02
3.982686e+02
3.982686e+02
3.982686e+02
3.982686e+02
3.982686e+02
3.982686e+02
3.982686e+02
3.982686e+02
3.982686e+02
3.982686e+02
3.982686e+02
3.982686e+02
3.982686e+02
3.982686e+02
3.982686e+02
3.982686e+02
3.982686e+02
3.982686e+02
3.982686e+02
3.982686e+02
3.982686e+02
3.982686e+02
3.982686e+02
3.982686e+02
3.982686e+02
3.982686e+02
3.982686e+02
3.982686e+02
3.982686e+02
3.982686e+02
3.982686e+02
3.982686e+02
3.982686e+02
3.982686e+02
3.982686e+02
3.982686e+02
3.982686e+02
3.982686e+02
3.982686e+02
3.982686e+02
3.982686e+02
3.982686e+02
3.982686e+02
3.982686e+02
3.982686e+02
3.982686e+02
3.982686e+02
3.982686e+02
3.982686e+02
3.982686e+02
3.982686e+02
3.982686e+02
3.982686e+02
3.982686e+02
3.982686e+02
3.982686e+02
3.982686e+02
3.982686e+02
3.982686e+02
3.982686e+02
3.982686e+02
3.982686e+02
3.982686e+02
3.982686e+02
3.982686e+02
3.982686e+02
3.982686e+02
3.962425e+02
3.962425e+02
3.962425e+02
3.962425e+02
3.962425e+02
3.962425e+02
3.962425e+02
3.962425e+02
3.962425e+02
3.962425e+02
3.962425e+02
3.962425e+02
3.962425e+02
3.962425e+02
3.962425e+02
3.962425e+02
3.962425e+02
3.962425e+02
3.962425e+02
3.962425e+02
3.962425e+02
3.962425e+02
3.962425e+02
3.962425e+02
3.962425e+02
3.962425e+02
3.962425e+02
3.962425e+02
3.962425e+02
3.962425e+02
3.962425e+02
3.962425e+02
3.962425e+02
3.962425e+02
3.962425e+02
3.962425e+02
3.962425e+02
3.962425e+02
3.962425e+02
3.962425e+02
3.962425e+02
3.962425e+02
3.962425e+02
3.962425e+02
3.962425e+02
3.962425e+02
3.962425e+02
3.962425e+02
3.962425e+02
3.962425e+02
3.962425e+02
3.962425e+02
3.962425e+02
3.962425e+02
3.962425e+02
3.962425e+02
3.962425e+02
3.962425e+02
3.962425e+02
3.962425e+02
3.962425e+02
3.962425e+02
3.962425e+02
3.962425e+02
3.962425e+02
3.962425e+02
3.962425e+02
3.962425e+02
3.962425e+02
3.962425e+02
3.962425e+02
3.962425e+02
3.962425e+02
3.962425e+02
3.962425e+02
3.962425e+02
3.962425e+02
3.962425e+02
3.962425e+02
3.962425e+02
3.962425e+02
3.962425e+02
3.962425e+02
3.895887e+02
3.895887e+02
3.895887e+02
3.895887e+02
3.895887e+02
3.895887e+02
3.895887e+02
3.895887e+02
3.895887e+02
3.895887e+02
3.895887e+02
3.895887e+02
3.895887e+02
3.895887e+02
3.895887e+02
3.895887e+02
3.895887e+02
3.895887e+02
3.895887e+02
3.895887e+02
3.895887e+02
3.895887e+02
3.895887e+02
3.895887e+02
3.895887e+02
3.895887e+02
3.895887e+02
3.895887e+02
3.895887e+02
3.895887e+02
3.895887e+02
3.895887e+02
3.895887e+02
3.895887e+02
3.895887e+02
3.895887e+02
3.895887e+02
3.895887e+02
3.895887e+02
3.895887e+02
3.895887e+02
3.895887e+02
3.895887e+02
3.895887e+02
3.895887e+02
3.895887e+02
3.895887e+02
3.895887e+02
3.895887e+02
3.895887e+02
3.895887e+02
3.895887e+02
3.895887e+02
3.895887e+02
3.895887e+02
3.895887e+02
3.895887e+02
3.895887e+02
3.895887e+02
3.895887e+02
3.895887e+02
3.895887e+02
3.895887e+02
3.895887e+02
3.895887e+02
3.895887e+02
3.895887e+02
3.873063e+02
3.873063e+02
3.873063e+02
3.873063e+02
3.873063e+02
3.873063e+02
3.873063e+02
3.873063e+02
3.873063e+02
3.873063e+02
3.873063e+02
3.873063e+02
3.873063e+02
3.873063e+02
3.873063e+02
3.873063e+02
3.873063e+02
3.873063e+02
3.873063e+02
3.873063e+02
3.873063e+02
3.873063e+02
3.873063e+02
3.873063e+02
3.873063e+02
3.873063e+02
3.873063e+02
3.873063e+02
3.873063e+02
3.872027e+02
3.872027e+02
3.872027e+02
3.872027e+02
3.872027e+02
3.872027e+02
3.872027e+02
3.872027e+02
3.872027e+02
3.872027e+02
3.872027e+02
3.872027e+02
3.872027e+02
3.872027e+02
3.872027e+02
3.872027e+02
3.872027e+02
3.872027e+02
3.872027e+02
3.872027e+02
3.872027e+02
3.872027e+02
3.872027e+02
3.872027e+02
3.872027e+02
3.872027e+02
3.872027e+02
3.872027e+02
3.872027e+02
3.872027e+02
3.872027e+02
3.872027e+02
3.872027e+02
3.872027e+02
3.872027e+02
3.872027e+02
3.872027e+02
3.872027e+02
3.872027e+02
3.872027e+02
3.872027e+02
3.872027e+02
3.872027e+02
3.872027e+02
3.872027e+02
3.872027e+02
3.872027e+02
3.872027e+02
3.872027e+02
3.872027e+02
3.872027e+02
3.872027e+02
3.872027e+02
3.872027e+02
3.872027e+02
3.872027e+02
3.872027e+02
3.872027e+02
3.872027e+02
3.872027e+02
3.872027e+02
3.872027e+02
3.872027e+02
3.872027e+02
3.872027e+02
3.872027e+02
3.872027e+02
3.872027e+02
3.872027e+02
3.872027e+02
3.872027e+02
3.872027e+02
3.872027e+02
3.872027e+02
3.872027e+02
3.872027e+02
3.872027e+02
3.872027e+02
3.872027e+02
3.872027e+02
3.872027e+02
3.872027e+02
3.872027e+02
3.872027e+02
3.872027e+02
3.872027e+02
3.872027e+02
3.872027e+02
3.872027e+02
3.872027e+02
3.872027e+02
3.872027e+02
3.872027e+02
3.872027e+02
3.872027e+02
3.872027e+02
3.872027e+02
3.872027e+02
3.872027e+02
3.872027e+02
3.872027e+02
3.872027e+02
3.872027e+02
3.872027e+02
3.872027e+02
3.872027e+02
3.872027e+02
3.872027e+02
3.872027e+02
3.872027e+02
3.872027e+02
3.872027e+02
3.872027e+02
3.872027e+02
3.872027e+02
3.872027e+02
3.872027e+02
3.872027e+02
3.872027e+02
3.872027e+02
3.872027e+02
3.872027e+02
3.872027e+02
3.872027e+02
3.872027e+02
3.872027e+02
3.872027e+02
3.872027e+02
3.872027e+02
3.872027e+02
3.872027e+02
3.872027e+02
3.872027e+02
3.872027e+02
3.872027e+02
3.872027e+02
3.872027e+02
3.872027e+02
3.872027e+02
3.872027e+02
3.872027e+02
3.872027e+02
3.872027e+02
3.872027e+02
3.872027e+02
3.872027e+02
3.872027e+02
3.872027e+02
3.872027e+02
3.872027e+02
3.872027e+02
3.872027e+02
3.867652e+02
3.867652e+02
3.867652e+02
3.867652e+02
3.867652e+02
3.867652e+02
3.867652e+02
3.867652e+02
3.867652e+02
3.867652e+02
3.867652e+02
3.867652e+02
3.867652e+02
3.867652e+02
3.867652e+02
3.867652e+02
3.867652e+02
3.867652e+02
3.867652e+02
3.867652e+02
3.867652e+02
3.867652e+02
3.867652e+02
3.867652e+02
3.867652e+02
3.867652e+02
3.867652e+02
3.867652e+02
3.867652e+02
3.867652e+02
3.867652e+02
3.867652e+02
3.867652e+02
3.867652e+02
3.867652e+02
3.867652e+02
3.867652e+02
3.867652e+02
3.867652e+02
3.867652e+02
3.867652e+02
3.867652e+02
3.867652e+02
3.867652e+02
3.867652e+02
3.867652e+02
3.867652e+02
3.867652e+02
3.867652e+02
3.867652e+02
3.867652e+02
3.867652e+02
3.867652e+02
3.867652e+02
3.867652e+02
3.867652e+02
3.867652e+02
3.867652e+02
3.867652e+02
3.867652e+02
3.867652e+02
3.867652e+02
3.867652e+02
3.867652e+02
3.867652e+02
3.867652e+02
3.867652e+02
3.867652e+02
3.867652e+02
3.867652e+02
3.867652e+02
3.867652e+02
3.867652e+02
3.867652e+02
3.867652e+02
3.867652e+02
3.867652e+02
3.867652e+02
3.867652e+02
3.867652e+02
3.867652e+02
3.867652e+02
3.867652e+02
3.867652e+02
3.867652e+02
3.867652e+02
3.867652e+02
3.867652e+02
3.867652e+02
3.867652e+02
3.867652e+02
3.867652e+02
3.867652e+02
3.867652e+02
3.867652e+02
3.867652e+02
3.867652e+02
3.867652e+02
3.867652e+02
