7.293273e+04
7.293273e+04
7.293273e+04
5.564963e+04
3.416559e+04
3.391599e+04
1.381107e+04
1.381107e+04
1.381107e+04
1.381107e+04
1.381107e+04
1.381107e+04
1.381107e+04
1.139662e+04
1.053612e+04
1.053612e+04
1.053612e+04
5.906633e+03
5.906633e+03
5.906633e+03
5.906633e+03
5.906633e+03
4.178424e+03
4.178424e+03
4.178424e+03
4.178424e+03
4.178424e+03
4.178424e+03
4.178424e+03
4.178424e+03
4.178424e+03
4.178424e+03
4.178424e+03
4.178424e+03
4.178424e+03
4.178424e+03
4.178424e+03
4.178424e+03
4.178424e+03
4.178424e+03
4.178424e+03
4.178424e+03
4.178424e+03
4.178424e+03
3.349048e+03
1.934062e+03
1.934062e+03
1.934062e+03
1.934062e+03
1.934062e+03
1.389599e+03
1.389599e+03
1.389599e+03
1.389599e+03
1.389599e+03
1.389599e+03
1.389599e+03
1.389599e+03
1.389599e+03
1.389599e+03
1.389599e+03
1.342032e+03
1.342032e+03
1.250011e+03
1.250011e+03
8.700376e+02
8.700376e+02
8.700376e+02
6.482849e+02
6.482849e+02
6.482849e+02
6.482849e+02
6.482849e+02
6.482849e+02
5.077773e+02
5.077773e+02
5.077773e+02
5.077773e+02
5.077773e+02
5.077773e+02
5.077773e+02
5.077773e+02
5.067059e+02
5.067059e+02
5.067059e+02
5.067059e+02
4.806148e+02
3.447167e+02
3.447167e+02
3.447167e+02
3.447167e+02
3.447167e+02
2.776698e+02
2.776698e+02
2.776698e+02
2.776698e+02
2.776698e+02
2.584119e+02
2.567359e+02
2.567359e+02
2.567359e+02
2.161376e+02
2.161376e+02
1.559370e+02
1.559370e+02
1.559370e+02
1.559370e+02
1.558640e+02
1.558640e+02
1.558640e+02
1.558640e+02
1.224025e+02
1.224025e+02
1.224025e+02
1.224025e+02
1.224025e+02
1.224025e+02
1.224025e+02
1.224025e+02
1.224025e+02
1.043705e+02
1.043705e+02
1.034128e+02
1.034128e+02
1.034128e+02
1.034128e+02
1.034128e+02
9.864216e+01
9.864216e+01
8.976681e+01
8.976681e+01
8.976681e+01
8.663714e+01
8.663714e+01
7.443187e+01
7.320970e+01
7.320970e+01
4.834500e+01
4.834500e+01
4.834500e+01
4.834500e+01
4.834500e+01
4.834500e+01
4.834500e+01
4.834500e+01
4.834500e+01
4.733864e+01
4.733864e+01
4.733864e+01
4.393373e+01
4.393373e+01
4.393373e+01
4.393373e+01
4.393373e+01
4.251691e+01
4.229251e+01
4.229251e+01
4.229251e+01
4.090741e+01
4.090741e+01
3.389146e+01
3.389146e+01
3.389146e+01
3.389146e+01
3.389146e+01
3.389146e+01
3.246600e+01
3.246600e+01
3.246600e+01
3.246600e+01
3.139127e+01
3.139127e+01
3.139127e+01
3.139127e+01
3.098811e+01
2.882623e+01
2.471375e+01
2.471375e+01
2.471375e+01
2.471375e+01
2.471375e+01
2.471375e+01
2.471375e+01
2.471375e+01
2.471375e+01
2.471375e+01
2.471375e+01
2.374661e+01
2.374661e+01
2.374661e+01
2.320205e+01
2.320205e+01
2.320205e+01
2.320205e+01
2.320205e+01
2.320205e+01
2.320205e+01
2.291747e+01
2.291747e+01
2.229238e+01
2.229238e+01
2.206594e+01
2.196836e+01
2.178686e+01
2.077620e+01
2.077620e+01
2.077620e+01
2.077620e+01
2.077620e+01
2.077620e+01
2.077620e+01
2.077620e+01
2.062862e+01
2.062862e+01
2.049021e+01
2.046382e+01
2.036472e+01
2.036472e+01
2.021764e+01
1.967790e+01
1.967790e+01
1.967790e+01
1.967790e+01
1.967790e+01
1.967707e+01
1.967707e+01
1.955074e+01
1.955074e+01
1.942617e+01
1.942617e+01
1.942617e+01
1.942617e+01
1.937551e+01
1.937551e+01
1.929558e+01
1.929558e+01
1.929558e+01
1.929518e+01
1.929518e+01
1.929518e+01
1.925295e+01
1.925295e+01
1.923093e+01
1.923093e+01
1.916731e+01
1.916731e+01
1.916731e+01
1.908954e+01
1.908954e+01
1.908954e+01
1.908954e+01
1.908954e+01
1.908954e+01
1.908954e+01
1.908954e+01
1.908954e+01
1.908954e+01
1.908954e+01
1.906982e+01
1.906982e+01
1.902504e+01
1.902504e+01
1.902504e+01
1.901106e+01
1.899007e+01
1.898267e+01
1.898267e+01
1.898267e+01
1.895721e+01
1.895631e+01
1.894747e+01
1.894747e+01
1.893856e+01
1.893262e+01
1.893262e+01
1.893262e+01
1.893262e+01
1.893262e+01
1.889902e+01
1.888969e+01
1.887387e+01
1.887387e+01
1.886807e+01
1.883756e+01
1.883756e+01
1.882050e+01
1.881121e+01
1.878638e+01
1.878638e+01
1.878638e+01
1.877488e+01
1.877488e+01
1.876073e+01
1.876073e+01
1.874817e+01
1.873338e+01
1.873338e+01
1.873338e+01
1.873338e+01
1.869276e+01
1.869276e+01
1.869276e+01
1.869276e+01
1.868073e+01
1.868058e+01
1.867670e+01
1.867670e+01
1.867360e+01
1.867286e+01
1.867286e+01
1.865735e+01
1.865735e+01
1.863494e+01
1.863494e+01
1.863494e+01
1.863494e+01
1.862342e+01
1.862342e+01
1.862342e+01
1.862342e+01
1.860598e+01
1.860598e+01
1.860598e+01
1.857553e+01
1.857553e+01
1.857553e+01
1.856004e+01
1.852125e+01
1.849169e+01
1.849169e+01
1.849169e+01
1.849169e+01
1.849169e+01
1.849119e+01
1.849119e+01
1.849119e+01
1.849119e+01
1.849119e+01
1.849119e+01
1.849119e+01
1.847602e+01
1.846380e+01
1.844386e+01
1.844386e+01
1.843760e+01
1.843760e+01
1.843760e+01
1.841522e+01
1.841522e+01
1.841522e+01
1.841522e+01
1.840243e+01
1.840243e+01
1.840243e+01
1.840243e+01
1.838740e+01
1.838738e+01
1.838348e+01
1.832189e+01
1.832189e+01
1.832189e+01
1.832189e+01
1.832189e+01
1.832189e+01
1.832189e+01
1.830571e+01
1.830571e+01
1.830533e+01
1.829832e+01
1.829832e+01
1.829346e+01
1.828070e+01
1.826480e+01
1.826480e+01
1.823588e+01
1.823588e+01
1.822277e+01
1.821245e+01
1.821245e+01
1.816800e+01
1.816800e+01
1.816800e+01
1.816800e+01
1.816800e+01
1.816800e+01
1.816727e+01
1.816727e+01
1.816727e+01
1.816727e+01
1.814719e+01
1.814696e+01
1.814696e+01
1.814451e+01
1.813727e+01
1.811417e+01
1.811417e+01
1.811175e+01
1.808761e+01
1.808761e+01
1.808761e+01
1.808761e+01
1.808023e+01
1.807615e+01
1.807127e+01
1.807127e+01
1.806927e+01
1.806659e+01
1.806322e+01
1.806046e+01
1.806046e+01
1.805910e+01
1.805299e+01
1.804784e+01
1.803819e+01
1.802262e+01
1.802175e+01
1.802175e+01
1.801398e+01
1.801048e+01
1.800844e+01
1.800555e+01
1.800375e+01
1.798406e+01
1.798277e+01
1.796573e+01
1.795980e+01
1.794985e+01
1.794316e+01
1.794316e+01
1.794316e+01
1.793425e+01
1.793178e+01
1.793178e+01
1.792385e+01
1.791738e+01
1.789246e+01
1.789246e+01
1.789246e+01
1.789246e+01
1.789246e+01
1.789246e+01
1.789246e+01
1.789246e+01
1.787568e+01
1.787568e+01
1.787081e+01
1.787081e+01
1.786801e+01
1.786298e+01
1.785097e+01
1.784730e+01
1.782290e+01
1.778851e+01
1.778851e+01
1.777483e+01
1.777483e+01
1.775908e+01
1.774455e+01
1.774455e+01
1.774318e+01
1.771344e+01
1.771180e+01
1.770266e+01
1.770266e+01
1.770266e+01
1.770266e+01
1.770266e+01
1.768254e+01
1.767192e+01
1.766520e+01
1.766520e+01
1.766478e+01
1.766478e+01
1.766478e+01
1.765279e+01
1.765279e+01
1.763776e+01
1.763161e+01
1.763161e+01
1.761816e+01
1.761816e+01
1.761546e+01
1.760941e+01
1.760941e+01
1.760941e+01
1.758848e+01
1.758848e+01
1.758848e+01
1.758848e+01
1.758667e+01
1.757296e+01
1.757296e+01
1.754450e+01
1.754450e+01
1.753923e+01
1.752729e+01
1.750662e+01
1.747510e+01
1.747510e+01
1.747510e+01
1.747510e+01
1.747505e+01
1.747505e+01
1.747505e+01
1.747251e+01
1.746501e+01
1.746501e+01
1.746205e+01
1.742721e+01
1.741292e+01
1.741292e+01
1.739824e+01
1.739824e+01
1.734205e+01
1.734205e+01
1.734205e+01
1.734205e+01
1.734205e+01
1.734205e+01
1.734205e+01
1.733852e+01
1.733852e+01
1.733852e+01
1.733082e+01
1.731285e+01
1.731285e+01
1.731285e+01
1.731285e+01
1.729310e+01
1.729310e+01
1.729310e+01
1.729094e+01
1.728481e+01
1.728481e+01
1.727800e+01
1.727800e+01
1.727800e+01
1.727435e+01
1.725584e+01
1.725584e+01
1.724593e+01
1.724473e+01
1.724473e+01
1.724473e+01
1.724473e+01
1.724473e+01
1.724357e+01
1.723168e+01
1.722749e+01
1.721316e+01
1.720371e+01
1.720371e+01
1.719644e+01
1.718074e+01
1.715372e+01
1.715372e+01
1.715372e+01
1.715372e+01
1.715372e+01
1.714740e+01
1.713971e+01
1.712328e+01
1.712118e+01
1.711111e+01
1.711111e+01
1.710781e+01
1.709188e+01
1.709129e+01
1.708481e+01
1.708481e+01
1.707638e+01
1.707599e+01
1.707599e+01
1.706975e+01
1.706975e+01
1.704436e+01
1.704427e+01
1.703777e+01
1.703777e+01
1.703106e+01
1.703106e+01
1.703106e+01
1.702245e+01
1.700016e+01
1.698869e+01
1.698869e+01
1.698605e+01
1.698415e+01
1.697716e+01
1.697513e+01
1.695674e+01
1.695426e+01
1.692868e+01
1.692868e+01
1.692868e+01
1.692868e+01
1.692212e+01
1.692075e+01
1.692075e+01
1.692075e+01
1.692075e+01
1.692075e+01
1.690236e+01
1.689394e+01
1.687757e+01
1.687673e+01
1.687572e+01
1.686617e+01
1.684591e+01
1.684591e+01
1.684591e+01
1.684591e+01
1.682909e+01
1.682909e+01
1.681443e+01
1.681443e+01
1.681443e+01
1.681443e+01
1.681443e+01
1.681114e+01
1.679258e+01
1.678764e+01
1.678347e+01
1.676232e+01
1.676227e+01
1.676227e+01
1.676227e+01
1.675718e+01
1.674221e+01
1.674221e+01
1.674221e+01
1.673109e+01
1.673109e+01
1.671310e+01
1.668769e+01
1.668769e+01
1.667975e+01
1.666817e+01
1.664821e+01
1.663460e+01
1.663460e+01
1.663460e+01
1.660449e+01
1.659856e+01
1.659856e+01
1.656754e+01
1.656754e+01
1.655089e+01
1.654435e+01
1.654171e+01
1.653830e+01
1.653295e+01
1.652398e+01
1.651901e+01
1.649189e+01
1.645908e+01
1.645908e+01
1.645908e+01
1.639168e+01
1.639168e+01
1.639168e+01
1.639168e+01
1.636238e+01
1.636238e+01
1.636238e+01
1.634703e+01
1.634703e+01
1.634703e+01
1.627819e+01
1.620383e+01
1.620383e+01
1.620383e+01
1.620383e+01
1.620383e+01
1.620383e+01
1.619181e+01
1.611762e+01
1.611600e+01
1.610412e+01
1.610412e+01
1.609723e+01
1.607325e+01
1.605270e+01
1.605270e+01
1.603345e+01
1.603345e+01
1.600265e+01
1.600265e+01
1.600265e+01
1.594496e+01
1.592411e+01
1.592411e+01
1.592411e+01
1.592411e+01
1.592411e+01
1.590233e+01
1.590233e+01
1.590233e+01
1.590233e+01
1.587393e+01
1.584337e+01
1.584337e+01
1.583353e+01
1.580780e+01
1.580780e+01
1.580780e+01
1.576194e+01
1.576194e+01
1.576194e+01
1.576194e+01
1.576194e+01
1.574099e+01
1.569887e+01
1.569887e+01
1.569887e+01
1.567472e+01
1.567472e+01
1.565828e+01
1.562649e+01
1.562649e+01
1.561914e+01
1.561914e+01
1.561561e+01
1.561561e+01
1.557269e+01
1.557269e+01
1.557269e+01
1.555706e+01
1.554651e+01
1.553444e+01
1.549456e+01
1.549456e+01
1.549456e+01
1.548108e+01
1.541195e+01
1.541195e+01
1.541195e+01
1.541195e+01
1.541195e+01
1.539466e+01
1.539466e+01
1.539466e+01
1.539466e+01
1.538304e+01
1.538304e+01
1.538062e+01
1.537570e+01
1.537570e+01
1.534996e+01
1.534996e+01
1.534109e+01
1.533094e+01
1.533094e+01
1.531353e+01
1.531353e+01
1.528522e+01
1.526419e+01
1.522943e+01
1.522943e+01
1.522943e+01
1.520589e+01
1.517500e+01
1.517260e+01
1.517260e+01
1.512197e+01
1.512197e+01
1.512197e+01
1.510608e+01
1.509384e+01
1.504322e+01
1.495627e+01
1.495627e+01
1.495627e+01
1.495627e+01
1.495627e+01
1.492967e+01
1.492795e+01
1.492795e+01
1.490868e+01
1.487503e+01
1.487503e+01
1.483951e+01
1.482660e+01
1.474103e+01
1.474103e+01
1.474103e+01
1.474103e+01
1.474103e+01
1.472329e+01
1.469054e+01
1.469054e+01
1.469054e+01
1.469054e+01
1.467971e+01
1.467971e+01
1.467213e+01
1.467213e+01
1.465040e+01
1.461772e+01
1.461772e+01
1.460767e+01
1.458301e+01
1.458301e+01
1.452228e+01
1.452228e+01
1.452228e+01
1.452228e+01
1.452228e+01
1.451618e+01
1.451618e+01
1.451023e+01
1.449955e+01
1.449955e+01
1.449139e+01
1.445658e+01
1.445658e+01
1.444128e+01
1.444128e+01
1.442769e+01
1.442769e+01
1.442769e+01
1.441072e+01
1.439948e+01
1.439948e+01
1.437629e+01
1.437097e+01
1.437097e+01
1.434621e+01
1.434621e+01
1.433095e+01
1.433095e+01
1.433095e+01
1.431769e+01
1.431769e+01
1.428691e+01
1.425986e+01
1.425183e+01
1.425183e+01
1.425183e+01
1.425183e+01
1.424370e+01
1.423252e+01
1.422127e+01
1.422127e+01
1.418770e+01
1.418567e+01
1.417424e+01
1.414769e+01
1.414769e+01
1.414769e+01
1.414769e+01
1.414272e+01
1.411390e+01
1.410176e+01
1.409030e+01
1.409030e+01
1.409030e+01
1.407873e+01
1.407873e+01
1.401536e+01
1.400941e+01
1.400941e+01
1.398090e+01
1.398090e+01
1.395828e+01
1.395547e+01
1.394250e+01
1.389660e+01
1.370380e+01
1.370380e+01
1.370380e+01
1.370380e+01
1.370380e+01
1.370237e+01
1.360407e+01
1.360407e+01
1.360407e+01
1.360407e+01
1.360407e+01
1.360407e+01
1.349203e+01
1.346358e+01
1.346358e+01
1.342948e+01
1.342948e+01
1.342480e+01
1.342480e+01
1.336046e+01
1.336046e+01
1.336046e+01
1.326390e+01
1.326390e+01
1.321092e+01
1.308441e+01
1.308441e+01
1.308441e+01
1.308441e+01
1.293037e+01
1.293037e+01
1.293037e+01
1.293037e+01
1.293037e+01
1.293037e+01
1.293037e+01
1.293037e+01
1.293037e+01
1.290158e+01
1.290158e+01
1.288504e+01
1.288504e+01
1.288504e+01
1.285729e+01
1.278528e+01
1.278528e+01
1.276751e+01
1.276751e+01
1.269230e+01
1.269230e+01
1.265599e+01
1.265599e+01
1.265100e+01
1.265070e+01
1.264850e+01
1.256832e+01
1.256832e+01
1.256832e+01
1.256832e+01
1.256832e+01
1.256832e+01
1.252402e+01
1.252003e+01
1.249304e+01
1.248247e+01
1.248247e+01
1.248247e+01
1.241949e+01
1.241949e+01
1.241949e+01
1.241949e+01
1.241949e+01
1.241949e+01
1.238905e+01
1.238884e+01
1.238884e+01
1.238884e+01
1.238629e+01
1.237865e+01
1.237865e+01
1.234694e+01
1.234694e+01
1.234694e+01
1.233143e+01
1.232830e+01
1.232830e+01
1.229835e+01
1.227982e+01
1.227982e+01
1.227448e+01
1.227260e+01
1.226191e+01
1.226191e+01
1.224843e+01
1.224843e+01
1.224843e+01
1.223849e+01
1.223849e+01
1.223849e+01
1.223849e+01
1.223849e+01
1.223849e+01
1.223812e+01
1.219981e+01
1.219981e+01
1.219981e+01
1.219981e+01
1.218279e+01
1.218279e+01
1.218279e+01
1.217411e+01
1.215949e+01
1.215660e+01
1.215660e+01
1.215660e+01
1.214943e+01
1.214448e+01
1.213296e+01
1.213296e+01
1.212977e+01
1.208677e+01
1.208677e+01
1.208677e+01
1.207575e+01
1.206209e+01
1.206209e+01
1.205895e+01
1.202561e+01
1.201180e+01
1.200624e+01
1.200624e+01
1.199573e+01
1.199573e+01
1.198703e+01
1.194348e+01
1.194348e+01
1.194348e+01
1.194348e+01
1.194045e+01
1.194045e+01
1.192177e+01
1.191685e+01
1.190729e+01
1.186330e+01
1.186099e+01
1.186099e+01
1.183619e+01
1.183619e+01
1.183619e+01
1.183619e+01
1.182321e+01
1.181463e+01
1.181463e+01
1.181463e+01
1.180011e+01
1.180011e+01
1.179092e+01
1.179092e+01
1.178525e+01
1.175488e+01
1.171167e+01
1.171167e+01
1.171167e+01
1.170882e+01
1.170882e+01
1.166386e+01
1.166386e+01
1.166386e+01
1.165887e+01
1.165640e+01
1.160406e+01
1.160406e+01
1.160406e+01
1.158233e+01
1.158233e+01
1.154250e+01
1.154250e+01
1.153091e+01
1.151871e+01
1.151871e+01
1.151871e+01
1.150374e+01
1.150374e+01
1.141980e+01
1.141980e+01
1.141980e+01
1.141929e+01
1.141929e+01
1.141929e+01
1.140910e+01
1.139436e+01
1.138893e+01
1.135598e+01
1.135598e+01
1.134797e+01
1.133622e+01
1.133157e+01
1.130524e+01
1.130524e+01
1.128360e+01
1.125196e+01
1.123551e+01
1.122567e+01
1.114123e+01
1.109242e+01
1.109242e+01
1.109242e+01
1.109242e+01
1.109242e+01
1.105933e+01
1.105437e+01
1.099521e+01
1.099521e+01
1.095054e+01
1.095054e+01
1.092210e+01
1.092210e+01
1.092210e+01
1.092210e+01
1.092210e+01
1.092210e+01
1.092210e+01
1.092210e+01
1.092210e+01
1.092210e+01
1.087322e+01
1.087322e+01
1.087322e+01
1.087322e+01
1.087322e+01
1.087322e+01
1.085794e+01
1.085794e+01
1.085794e+01
1.083795e+01
1.083795e+01
1.079802e+01
1.079802e+01
1.079545e+01
1.079545e+01
1.079545e+01
1.078176e+01
1.077437e+01
1.077437e+01
1.075328e+01
1.074170e+01
1.074170e+01
1.073595e+01
1.072436e+01
1.072436e+01
1.072436e+01
1.071077e+01
1.067161e+01
1.067161e+01
1.062335e+01
1.062335e+01
1.062335e+01
1.062335e+01
1.062335e+01
1.062335e+01
1.061178e+01
1.061178e+01
1.061178e+01
1.060629e+01
1.060629e+01
1.059620e+01
1.057938e+01
1.054963e+01
1.054963e+01
1.053245e+01
1.052923e+01
1.052923e+01
1.048711e+01
1.048711e+01
1.047791e+01
1.047791e+01
1.047709e+01
1.047709e+01
1.047199e+01
1.044975e+01
1.044975e+01
1.044342e+01
1.042195e+01
1.042195e+01
1.040528e+01
1.035354e+01
1.035354e+01
1.032662e+01
1.023609e+01
1.023609e+01
1.022376e+01
1.022376e+01
1.016051e+01
1.012082e+01
1.010135e+01
1.010135e+01
1.007575e+01
1.007575e+01
1.007575e+01
1.007575e+01
9.842558e+00
9.842558e+00
9.824611e+00
9.812596e+00
9.812596e+00
9.812596e+00
9.812596e+00
9.656429e+00
9.656429e+00
9.656429e+00
9.656429e+00
9.656429e+00
9.656429e+00
9.656429e+00
9.656429e+00
9.656429e+00
9.656429e+00
9.656429e+00
9.651937e+00
9.626655e+00
9.626655e+00
9.563614e+00
9.563614e+00
9.563614e+00
9.518705e+00
9.518705e+00
9.518705e+00
9.518705e+00
9.518705e+00
9.518705e+00
9.518705e+00
9.518705e+00
9.441314e+00
9.441314e+00
9.413577e+00
9.398694e+00
9.368915e+00
9.344236e+00
9.344236e+00
9.344236e+00
9.344236e+00
9.334754e+00
9.318917e+00
9.296117e+00
9.271273e+00
9.271273e+00
9.271273e+00
9.271273e+00
9.253285e+00
9.229978e+00
9.225013e+00
9.205395e+00
9.205395e+00
9.197790e+00
9.174275e+00
9.174275e+00
9.162405e+00
9.147202e+00
9.147202e+00
9.136848e+00
9.136848e+00
9.131255e+00
9.114089e+00
9.107485e+00
9.089442e+00
9.089442e+00
9.071609e+00
9.055664e+00
8.999543e+00
8.999543e+00
8.999543e+00
8.999543e+00
8.973799e+00
8.950946e+00
8.950946e+00
8.950946e+00
8.912473e+00
8.912473e+00
8.912473e+00
8.911052e+00
8.911052e+00
8.911052e+00
8.901552e+00
8.901552e+00
8.899357e+00
8.883319e+00
8.883319e+00
8.814972e+00
8.814972e+00
8.814972e+00
8.814972e+00
8.809531e+00
8.809531e+00
8.793465e+00
8.793465e+00
8.793465e+00
8.793465e+00
8.793465e+00
8.786806e+00
8.786806e+00
8.786806e+00
8.766140e+00
8.766140e+00
8.745392e+00
8.729700e+00
8.729700e+00
8.718304e+00
8.714728e+00
8.714234e+00
8.661583e+00
8.661583e+00
8.661583e+00
8.661583e+00
8.660832e+00
8.660832e+00
8.639788e+00
8.627847e+00
8.627847e+00
8.627847e+00
8.614092e+00
8.609273e+00
8.607111e+00
8.580377e+00
8.575884e+00
8.545733e+00
8.545733e+00
8.545733e+00
8.545667e+00
8.545667e+00
8.545667e+00
8.545667e+00
8.545667e+00
8.537174e+00
8.537174e+00
8.508219e+00
8.457091e+00
8.457091e+00
8.457091e+00
8.436100e+00
8.435282e+00
8.435282e+00
8.435282e+00
8.435282e+00
8.432061e+00
8.432061e+00
8.432061e+00
8.418797e+00
8.418797e+00
8.385145e+00
8.381370e+00
8.347564e+00
8.347564e+00
8.314761e+00
8.314280e+00
8.299550e+00
8.299550e+00
8.253666e+00
8.253666e+00
8.253666e+00
8.253666e+00
8.253666e+00
8.196152e+00
8.196152e+00
8.196152e+00
8.170663e+00
8.130163e+00
8.130163e+00
8.130163e+00
8.130163e+00
8.130118e+00
8.130118e+00
8.100822e+00
8.020720e+00
8.020720e+00
8.020720e+00
8.020720e+00
8.004841e+00
8.004841e+00
8.004841e+00
8.004841e+00
8.004841e+00
8.004841e+00
8.004841e+00
8.004841e+00
8.004841e+00
8.000697e+00
7.971555e+00
7.964313e+00
7.964313e+00
7.964313e+00
7.958978e+00
7.923555e+00
7.923555e+00
7.923555e+00
7.888051e+00
7.888051e+00
7.880068e+00
7.872330e+00
7.842153e+00
7.842153e+00
7.813909e+00
7.813909e+00
7.813909e+00
7.813909e+00
7.786561e+00
7.764960e+00
7.739567e+00
7.739567e+00
7.739567e+00
7.730275e+00
7.730275e+00
7.699563e+00
7.699563e+00
7.699563e+00
7.699563e+00
7.694303e+00
7.694303e+00
7.684754e+00
7.684754e+00
7.677423e+00
7.636740e+00
7.636740e+00
7.636740e+00
7.606809e+00
7.606809e+00
7.587046e+00
7.567626e+00
7.545319e+00
7.536793e+00
7.536793e+00
7.536793e+00
7.484485e+00
7.484485e+00
7.484485e+00
7.460363e+00
7.460363e+00
7.460363e+00
7.460363e+00
7.428055e+00
7.428055e+00
7.421507e+00
7.416834e+00
7.416834e+00
7.416834e+00
7.416834e+00
7.416834e+00
7.375633e+00
7.375633e+00
7.375633e+00
7.375633e+00
7.375633e+00
7.375633e+00
7.368290e+00
7.368290e+00
7.349041e+00
7.349041e+00
7.325078e+00
7.319007e+00
7.306497e+00
7.305147e+00
7.305147e+00
7.305147e+00
7.305147e+00
7.305147e+00
7.286363e+00
7.286363e+00
7.269631e+00
7.269631e+00
7.269631e+00
7.269631e+00
7.269631e+00
7.268371e+00
7.263070e+00
7.247351e+00
7.226216e+00
7.220994e+00
7.218288e+00
7.218288e+00
7.216134e+00
7.216134e+00
7.216134e+00
7.194581e+00
7.187212e+00
7.187212e+00
7.187212e+00
7.167975e+00
7.167975e+00
7.151720e+00
7.151720e+00
7.151439e+00
7.140954e+00
7.136494e+00
7.127529e+00
7.127529e+00
7.126012e+00
7.112464e+00
7.079384e+00
7.079384e+00
7.079384e+00
7.079384e+00
7.079384e+00
7.040831e+00
7.040831e+00
7.040831e+00
7.034081e+00
7.019195e+00
7.019195e+00
7.015608e+00
7.015325e+00
6.986588e+00
6.986585e+00
6.986585e+00
6.986585e+00
6.986585e+00
6.986585e+00
6.958327e+00
6.958327e+00
6.958327e+00
6.958327e+00
6.958327e+00
6.958327e+00
6.958327e+00
6.945665e+00
6.945665e+00
6.937468e+00
6.937468e+00
6.937468e+00
6.930889e+00
6.930889e+00
6.930889e+00
6.930889e+00
6.924432e+00
6.919675e+00
6.919675e+00
6.919675e+00
6.919675e+00
6.913730e+00
6.910965e+00
6.910965e+00
6.904560e+00
6.904560e+00
6.904560e+00
6.898995e+00
6.897408e+00
6.885972e+00
6.884584e+00
6.878634e+00
6.878634e+00
6.874161e+00
6.865659e+00
6.865659e+00
6.857956e+00
6.856602e+00
6.852446e+00
6.852446e+00
6.844300e+00
6.835493e+00
6.831445e+00
6.823653e+00
6.823593e+00
6.814738e+00
6.813847e+00
6.809198e+00
6.804194e+00
6.795916e+00
6.780385e+00
6.779231e+00
6.763998e+00
6.763998e+00
6.755474e+00
6.753288e+00
6.748861e+00
6.748861e+00
6.748861e+00
6.741175e+00
6.741175e+00
6.728069e+00
6.728069e+00
6.718778e+00
6.718778e+00
6.718778e+00
6.706773e+00
6.706703e+00
6.679205e+00
6.669854e+00
6.669854e+00
6.669854e+00
6.668781e+00
6.668449e+00
6.651868e+00
6.645512e+00
6.645472e+00
6.640368e+00
6.640368e+00
6.631130e+00
6.624155e+00
6.624155e+00
6.622438e+00
6.613924e+00
6.613924e+00
6.610227e+00
6.609588e+00
6.609588e+00
6.609588e+00
6.589416e+00
6.585771e+00
6.579988e+00
6.571656e+00
6.568647e+00
6.554250e+00
6.542455e+00
6.542455e+00
6.542455e+00
6.542455e+00
6.538413e+00
6.538413e+00
6.538413e+00
6.529914e+00
6.527353e+00
6.510988e+00
6.510988e+00
6.503511e+00
6.503511e+00
6.499214e+00
6.498182e+00
6.486467e+00
6.486467e+00
6.483947e+00
6.480135e+00
6.463558e+00
6.463558e+00
6.463558e+00
6.456987e+00
6.453041e+00
6.453041e+00
6.446944e+00
6.446944e+00
6.442477e+00
6.440818e+00
6.433413e+00
6.420710e+00
6.412527e+00
6.410639e+00
6.402828e+00
6.369494e+00
6.369494e+00
6.369494e+00
6.369494e+00
6.359162e+00
6.359162e+00
6.359162e+00
6.359162e+00
6.359162e+00
6.359162e+00
6.351646e+00
6.340334e+00
6.340334e+00
6.340334e+00
6.327295e+00
6.322735e+00
6.319309e+00
6.302690e+00
6.302690e+00
6.292764e+00
6.292764e+00
6.277087e+00
6.263099e+00
6.263099e+00
6.263099e+00
6.263099e+00
6.263099e+00
6.263099e+00
6.263099e+00
6.262520e+00
6.262520e+00
6.262520e+00
6.249080e+00
6.249080e+00
6.233801e+00
6.233801e+00
6.216022e+00
6.216022e+00
6.215243e+00
6.211418e+00
6.211418e+00
6.206407e+00
6.205964e+00
6.205964e+00
6.203441e+00
6.192364e+00
6.189979e+00
6.170689e+00
6.162925e+00
6.162925e+00
6.150167e+00
6.150167e+00
6.150167e+00
6.150167e+00
6.122963e+00
6.122963e+00
6.122963e+00
6.122963e+00
6.122963e+00
6.122963e+00
6.122963e+00
6.119664e+00
6.119664e+00
6.119664e+00
6.113295e+00
6.109391e+00
6.104435e+00
6.100332e+00
6.100332e+00
6.100332e+00
6.073244e+00
6.068026e+00
6.068026e+00
6.068026e+00
6.055468e+00
6.035449e+00
6.034997e+00
6.031510e+00
6.029677e+00
6.021846e+00
6.013093e+00
6.010484e+00
5.997466e+00
5.974294e+00
5.974294e+00
5.974294e+00
5.965665e+00
5.965665e+00
5.938348e+00
5.938348e+00
5.938348e+00
5.938348e+00
5.938348e+00
5.938348e+00
5.938348e+00
5.927696e+00
5.927696e+00
5.914516e+00
5.914516e+00
5.909793e+00
5.894406e+00
5.894406e+00
5.894406e+00
5.890534e+00
5.858564e+00
5.858564e+00
5.837113e+00
5.837113e+00
5.798942e+00
5.798942e+00
5.780411e+00
5.780411e+00
5.773359e+00
5.771122e+00
5.755706e+00
5.680337e+00
5.680337e+00
5.680337e+00
5.650887e+00
5.619033e+00
5.614995e+00
5.614995e+00
5.614239e+00
5.614239e+00
5.614239e+00
5.597183e+00
5.597183e+00
5.552402e+00
5.552402e+00
5.552402e+00
5.552402e+00
5.548683e+00
5.548683e+00
5.547599e+00
5.546777e+00
5.546777e+00
5.543965e+00
5.540854e+00
5.467559e+00
5.467559e+00
5.467559e+00
5.458300e+00
5.440415e+00
5.423753e+00
5.415145e+00
5.415145e+00
5.415145e+00
5.405422e+00
5.405422e+00
5.392130e+00
5.352648e+00
5.352648e+00
5.352648e+00
5.352648e+00
5.352648e+00
5.352648e+00
5.352648e+00
5.352648e+00
5.306181e+00
5.306181e+00
5.306181e+00
5.299364e+00
5.289590e+00
5.289590e+00
5.288677e+00
5.254580e+00
5.254580e+00
5.240754e+00
5.240754e+00
5.240754e+00
5.235168e+00
5.187281e+00
5.187281e+00
5.187281e+00
5.187281e+00
5.187281e+00
5.187281e+00
5.146068e+00
5.146068e+00
5.146068e+00
5.146068e+00
5.088620e+00
5.088620e+00
5.007412e+00
5.007412e+00
5.007412e+00
5.007412e+00
4.963660e+00
4.963660e+00
4.957866e+00
4.950920e+00
4.859330e+00
4.819278e+00
4.819278e+00
4.819278e+00
4.819278e+00
4.812750e+00
4.812750e+00
4.812750e+00
4.812750e+00
4.768516e+00
4.768516e+00
4.768516e+00
4.768516e+00
4.768516e+00
4.768516e+00
4.696067e+00
4.696067e+00
4.696067e+00
4.696067e+00
4.696067e+00
4.649023e+00
4.649023e+00
4.574982e+00
4.574982e+00
4.574982e+00
4.574982e+00
4.574982e+00
4.569925e+00
4.518698e+00
4.518698e+00
4.518698e+00
4.496181e+00
4.463422e+00
4.457958e+00
4.446802e+00
4.421207e+00
4.217037e+00
4.217037e+00
4.217037e+00
4.217037e+00
4.217037e+00
4.185955e+00
4.185955e+00
4.185955e+00
4.185955e+00
4.185955e+00
4.185955e+00
4.185955e+00
4.170623e+00
4.170623e+00
4.170623e+00
4.169805e+00
4.144234e+00
4.117402e+00
4.117402e+00
4.117402e+00
4.085851e+00
4.085851e+00
4.085851e+00
4.044374e+00
4.034780e+00
4.014201e+00
4.014201e+00
4.014201e+00
4.014201e+00
4.014201e+00
3.947206e+00
3.925128e+00
3.888726e+00
3.888726e+00
3.888726e+00
3.888726e+00
3.845583e+00
3.845583e+00
3.844677e+00
3.844677e+00
3.844677e+00
3.844677e+00
3.810217e+00
3.808588e+00
3.783778e+00
3.783778e+00
3.783778e+00
3.782416e+00
3.745071e+00
3.745071e+00
3.745071e+00
3.745071e+00
3.728678e+00
3.728678e+00
3.728678e+00
3.728678e+00
3.728678e+00
3.724347e+00
3.724347e+00
3.724347e+00
3.724191e+00
3.708554e+00
3.677347e+00
3.677347e+00
3.677347e+00
3.677347e+00
3.671033e+00
3.663599e+00
3.654249e+00
3.654249e+00
3.654249e+00
3.654249e+00
3.644978e+00
3.644978e+00
3.629719e+00
3.629719e+00
3.629719e+00
3.629719e+00
3.608939e+00
3.608939e+00
3.608939e+00
3.608939e+00
3.608939e+00
3.600596e+00
3.600596e+00
3.600596e+00
3.598373e+00
3.590437e+00
3.587912e+00
3.587912e+00
3.587912e+00
3.587734e+00
3.583266e+00
3.576525e+00
3.576525e+00
3.575655e+00
3.575655e+00
3.571821e+00
3.552353e+00
3.543463e+00
3.536545e+00
3.536545e+00
3.536545e+00
3.536545e+00
3.534913e+00
3.520171e+00
3.511131e+00
3.511131e+00
3.499508e+00
3.499508e+00
3.499508e+00
3.499508e+00
3.499508e+00
3.477849e+00
3.474545e+00
3.462093e+00
3.462093e+00
3.462093e+00
3.462093e+00
3.462093e+00
3.452338e+00
3.449985e+00
3.442899e+00
3.440296e+00
3.406376e+00
3.406376e+00
3.405311e+00
3.405311e+00
3.395912e+00
3.377874e+00
3.377874e+00
3.377874e+00
3.377874e+00
3.377874e+00
3.377874e+00
3.377874e+00
3.377874e+00
3.377874e+00
3.366064e+00
3.356304e+00
3.354294e+00
3.307644e+00
3.304653e+00
3.271795e+00
3.271795e+00
3.271795e+00
3.269677e+00
3.213784e+00
3.213784e+00
3.213784e+00
3.213784e+00
3.208157e+00
3.208157e+00
3.204761e+00
3.128986e+00
3.128986e+00
3.046985e+00
3.046985e+00
3.046985e+00
3.039243e+00
1.987445e+05
1.987445e+05
1.490840e+05
1.201810e+05
1.099309e+05
5.052560e+04
5.052560e+04
5.052560e+04
5.052560e+04
5.052560e+04
5.052560e+04
5.052560e+04
5.052560e+04
5.052560e+04
3.996109e+04
3.732124e+04
3.732124e+04
3.732124e+04
3.732124e+04
2.152730e+04
2.152730e+04
2.152730e+04
2.152730e+04
2.152730e+04
2.005722e+04
1.438405e+04
1.438405e+04
1.438405e+04
1.438405e+04
1.438405e+04
1.048442e+04
1.048442e+04
1.048442e+04
1.048442e+04
9.677286e+03
9.677286e+03
9.677286e+03
9.129147e+03
9.129147e+03
8.084863e+03
4.249800e+03
4.249800e+03
4.249800e+03
3.997692e+03
3.997692e+03
3.997692e+03
3.237304e+03
3.237304e+03
3.237304e+03
3.237304e+03
3.045469e+03
3.045469e+03
3.045469e+03
3.045469e+03
3.045469e+03
2.750537e+03
2.466840e+03
2.337972e+03
1.930212e+03
1.930212e+03
1.930212e+03
1.927624e+03
1.927624e+03
1.866217e+03
1.861853e+03
1.861853e+03
1.861853e+03
1.455135e+03
1.260073e+03
1.260073e+03
1.260073e+03
1.260073e+03
1.260073e+03
1.260073e+03
1.045525e+03
1.045525e+03
1.045525e+03
1.045525e+03
9.296634e+02
9.296634e+02
9.296634e+02
9.296634e+02
7.821244e+02
7.821244e+02
7.821244e+02
7.743444e+02
7.743444e+02
7.743444e+02
7.743444e+02
7.525010e+02
6.426146e+02
6.426146e+02
6.426146e+02
5.577890e+02
5.504082e+02
5.457633e+02
5.457633e+02
5.377460e+02
5.377460e+02
5.377460e+02
5.300273e+02
5.257633e+02
5.257633e+02
5.257633e+02
4.651290e+02
4.651290e+02
4.571054e+02
4.571054e+02
4.564141e+02
4.534904e+02
4.534904e+02
4.534904e+02
4.534904e+02
4.443027e+02
4.400036e+02
4.349481e+02
4.276192e+02
3.965876e+02
3.795751e+02
3.795751e+02
3.795751e+02
3.476474e+02
3.476474e+02
3.476474e+02
3.476474e+02
3.476474e+02
3.476474e+02
3.476474e+02
3.351512e+02
3.351512e+02
3.185376e+02
3.185376e+02
3.185376e+02
2.892898e+02
2.836456e+02
2.836456e+02
2.823220e+02
2.823220e+02
2.775605e+02
2.775605e+02
2.511978e+02
2.511978e+02
2.511978e+02
2.511978e+02
2.491116e+02
2.491116e+02
2.491116e+02
2.477423e+02
2.477423e+02
2.441801e+02
2.441801e+02
2.441801e+02
2.441801e+02
2.316342e+02
2.312077e+02
2.312077e+02
2.271543e+02
2.271543e+02
2.271543e+02
2.271543e+02
2.214189e+02
2.214189e+02
2.066374e+02
2.066374e+02
2.066374e+02
2.020658e+02
2.020658e+02
1.991814e+02
1.991814e+02
1.947200e+02
1.947200e+02
1.947200e+02
1.947200e+02
1.936588e+02
1.936588e+02
1.894383e+02
1.894383e+02
1.858479e+02
1.853801e+02
1.853801e+02
1.853801e+02
1.813681e+02
1.774233e+02
1.774233e+02
1.774233e+02
1.774233e+02
1.762496e+02
1.698641e+02
1.698641e+02
1.698641e+02
1.698641e+02
1.698641e+02
1.694131e+02
1.694131e+02
1.680957e+02
1.680957e+02
1.680957e+02
1.665428e+02
1.665428e+02
1.645130e+02
1.644868e+02
1.608524e+02
1.608524e+02
1.594495e+02
1.594495e+02
1.594495e+02
1.594495e+02
1.594495e+02
1.588312e+02
1.588312e+02
1.583328e+02
1.570778e+02
1.565731e+02
1.565731e+02
1.558135e+02
1.558135e+02
1.558135e+02
1.545132e+02
1.544191e+02
1.539121e+02
1.536056e+02
1.520152e+02
1.519915e+02
1.506909e+02
1.503459e+02
1.498824e+02
1.493048e+02
1.490166e+02
1.490166e+02
1.490166e+02
1.490166e+02
1.490166e+02
1.474528e+02
1.474528e+02
1.474528e+02
1.474528e+02
1.472202e+02
1.472202e+02
1.458707e+02
1.441016e+02
1.441016e+02
1.441016e+02
1.441016e+02
1.439669e+02
1.439669e+02
1.439669e+02
1.432777e+02
1.430380e+02
1.430380e+02
1.422063e+02
1.421159e+02
1.402570e+02
1.391003e+02
1.391003e+02
1.391003e+02
1.391003e+02
1.380428e+02
1.378056e+02
1.378056e+02
1.378056e+02
1.373445e+02
1.373445e+02
1.373445e+02
1.372948e+02
1.369140e+02
1.356662e+02
1.354414e+02
1.354414e+02
1.349118e+02
1.345786e+02
1.342230e+02
1.342230e+02
1.332078e+02
1.332078e+02
1.320696e+02
1.315674e+02
1.296127e+02
1.296127e+02
1.296127e+02
1.278718e+02
1.278718e+02
1.265052e+02
1.265052e+02
1.265052e+02
1.265052e+02
1.251265e+02
1.251265e+02
1.251265e+02
1.244540e+02
1.244540e+02
1.243142e+02
1.229901e+02
1.208373e+02
1.208373e+02
1.208373e+02
1.200040e+02
1.200040e+02
1.197176e+02
1.197176e+02
1.197176e+02
1.182223e+02
1.182223e+02
1.176005e+02
1.176005e+02
1.172400e+02
1.155394e+02
1.155394e+02
1.150698e+02
1.145343e+02
1.134375e+02
1.134375e+02
1.134375e+02
1.134375e+02
1.132210e+02
1.127652e+02
1.124861e+02
1.116083e+02
1.116083e+02
1.098223e+02
1.095660e+02
1.095660e+02
1.091042e+02
1.083930e+02
1.055445e+02
1.026999e+02
1.026999e+02
1.026999e+02
1.026999e+02
1.026999e+02
1.020963e+02
1.017484e+02
1.017484e+02
9.860048e+01
9.860048e+01
9.860048e+01
9.769160e+01
9.381731e+01
9.381731e+01
9.381731e+01
9.381731e+01
9.305791e+01
9.255535e+01
9.068638e+01
9.068638e+01
9.068638e+01
9.051694e+01
8.661959e+01
8.650214e+01
8.588299e+01
8.580130e+01
8.400398e+01
8.326200e+01
8.179926e+01
8.136131e+01
8.047143e+01
8.047143e+01
7.719072e+01
7.719072e+01
7.719072e+01
7.589855e+01
6.998819e+01
6.998819e+01
6.875247e+01
6.875247e+01
6.719487e+01
6.246804e+01
6.246804e+01
6.246804e+01
5.950242e+01
5.950242e+01
5.950242e+01
5.950242e+01
5.950242e+01
5.804604e+01
5.804604e+01
5.754877e+01
5.754877e+01
5.686620e+01
5.565966e+01
5.464091e+01
5.464091e+01
5.464091e+01
5.331320e+01
5.212747e+01
5.212747e+01
5.212747e+01
5.164306e+01
5.164306e+01
5.163482e+01
5.163482e+01
5.149800e+01
5.149800e+01
5.031567e+01
5.031567e+01
4.957999e+01
4.957999e+01
4.957999e+01
4.957999e+01
4.957999e+01
4.945663e+01
4.945663e+01
4.875672e+01
4.777556e+01
4.700830e+01
4.669666e+01
4.604007e+01
4.604007e+01
4.604007e+01
4.555441e+01
4.555441e+01
4.548148e+01
4.548148e+01
4.548148e+01
4.504044e+01
4.387389e+01
4.337487e+01
4.337487e+01
4.337487e+01
4.334625e+01
4.334625e+01
4.296032e+01
4.296032e+01
4.273531e+01
4.255116e+01
4.255116e+01
4.255116e+01
4.199161e+01
4.199161e+01
4.199161e+01
4.171750e+01
4.171750e+01
4.171750e+01
4.164681e+01
4.164226e+01
4.147244e+01
4.127731e+01
4.111357e+01
4.096267e+01
4.076798e+01
4.031040e+01
4.031040e+01
4.031040e+01
4.031040e+01
4.031040e+01
4.031040e+01
4.031040e+01
4.023746e+01
4.023746e+01
4.023746e+01
4.022138e+01
4.014391e+01
4.013502e+01
3.992378e+01
3.975890e+01
3.975890e+01
3.975890e+01
3.970290e+01
3.957402e+01
3.957402e+01
3.957402e+01
3.957402e+01
3.957402e+01
3.957058e+01
3.940714e+01
3.940714e+01
3.940714e+01
3.940714e+01
3.940714e+01
3.940714e+01
3.940714e+01
3.940714e+01
3.938204e+01
3.931472e+01
3.928811e+01
3.928811e+01
3.922013e+01
3.916286e+01
3.916286e+01
3.916286e+01
3.916286e+01
3.916286e+01
3.916286e+01
3.911131e+01
3.907881e+01
3.907881e+01
3.907881e+01
3.907881e+01
3.907351e+01
3.907351e+01
3.906473e+01
3.905851e+01
3.902891e+01
3.902891e+01
3.902891e+01
3.899151e+01
3.899151e+01
3.897961e+01
3.893008e+01
3.893008e+01
3.893008e+01
3.892202e+01
3.892202e+01
3.891118e+01
3.891118e+01
3.889811e+01
3.884138e+01
3.884138e+01
3.884138e+01
3.884138e+01
3.884138e+01
3.884138e+01
3.883746e+01
3.883531e+01
3.883531e+01
3.882622e+01
3.882622e+01
3.882622e+01
3.882622e+01
3.882622e+01
3.882622e+01
3.881528e+01
3.880697e+01
3.880528e+01
3.880042e+01
3.880042e+01
3.880042e+01
3.880042e+01
3.879181e+01
3.878590e+01
3.878485e+01
3.877078e+01
3.877061e+01
3.876908e+01
3.876908e+01
3.876394e+01
3.875426e+01
3.875426e+01
3.875289e+01
3.875289e+01
3.874922e+01
3.874813e+01
3.874813e+01
3.874767e+01
3.873810e+01
3.873447e+01
3.873325e+01
3.873325e+01
3.873325e+01
3.873325e+01
3.873325e+01
3.873160e+01
3.873160e+01
3.873097e+01
3.871887e+01
3.871887e+01
3.871773e+01
3.871773e+01
3.871773e+01
3.871624e+01
3.871327e+01
3.871327e+01
3.870885e+01
3.870885e+01
3.870885e+01
3.869956e+01
3.869956e+01
3.869915e+01
3.869915e+01
3.869915e+01
3.869803e+01
3.869803e+01
3.868853e+01
3.868853e+01
3.868853e+01
3.868853e+01
3.868853e+01
3.868853e+01
3.868756e+01
3.868756e+01
3.868756e+01
3.868756e+01
3.868627e+01
3.868304e+01
3.867999e+01
3.867999e+01
3.867890e+01
3.867716e+01
3.867705e+01
3.867705e+01
3.867447e+01
3.867403e+01
3.867275e+01
3.867061e+01
3.867061e+01
3.867028e+01
3.866774e+01
3.866576e+01
3.866358e+01
3.866358e+01
3.866290e+01
3.866079e+01
3.865886e+01
3.865665e+01
3.865432e+01
3.865432e+01
3.865432e+01
3.865432e+01
3.864982e+01
3.864982e+01
3.864937e+01
3.864937e+01
3.864841e+01
3.864258e+01
3.864258e+01
3.864258e+01
3.863600e+01
3.863600e+01
3.863523e+01
3.863430e+01
3.863365e+01
3.863217e+01
3.862888e+01
3.861955e+01
3.861955e+01
3.861955e+01
3.861955e+01
3.861345e+01
3.861345e+01
3.861054e+01
3.861054e+01
3.860170e+01
3.860170e+01
3.860170e+01
3.860001e+01
3.860001e+01
3.860001e+01
3.859989e+01
3.859638e+01
3.859445e+01
3.859206e+01
3.858809e+01
3.857945e+01
3.857372e+01
3.856482e+01
3.856482e+01
3.856482e+01
3.856482e+01
3.856182e+01
3.855081e+01
3.855081e+01
3.854646e+01
3.854575e+01
3.854343e+01
3.854057e+01
3.854057e+01
3.853349e+01
3.853349e+01
3.853299e+01
3.853299e+01
3.852710e+01
3.851638e+01
3.851638e+01
3.851638e+01
3.851638e+01
3.851360e+01
3.849541e+01
3.849541e+01
3.849541e+01
3.849541e+01
3.849541e+01
3.849541e+01
3.849541e+01
3.849541e+01
3.849364e+01
3.849100e+01
3.849100e+01
3.848941e+01
3.848303e+01
3.848303e+01
3.848300e+01
3.848291e+01
3.848043e+01
3.847187e+01
3.847187e+01
3.846932e+01
3.846739e+01
3.846313e+01
3.846313e+01
3.846313e+01
3.845874e+01
3.845692e+01
3.845692e+01
3.845692e+01
3.845501e+01
3.845375e+01
3.844676e+01
3.844676e+01
3.844634e+01
3.844095e+01
3.843458e+01
3.843381e+01
3.843381e+01
3.843196e+01
3.841908e+01
3.841908e+01
3.841463e+01
3.841284e+01
3.841284e+01
3.840914e+01
3.840914e+01
3.840914e+01
3.840703e+01
3.840311e+01
3.840311e+01
3.840130e+01
3.839003e+01
3.839003e+01
3.839003e+01
3.839003e+01
3.838884e+01
3.838884e+01
3.838274e+01
3.837723e+01
3.836584e+01
3.836584e+01
3.836453e+01
3.836146e+01
3.835093e+01
3.833729e+01
3.833729e+01
3.832514e+01
3.832122e+01
3.830257e+01
3.830257e+01
3.830257e+01
3.830014e+01
3.829856e+01
3.826978e+01
3.826978e+01
3.826978e+01
3.826978e+01
3.825683e+01
3.824063e+01
3.824063e+01
3.823605e+01
3.823605e+01
3.822773e+01
3.821808e+01
3.821293e+01
3.821293e+01
3.819671e+01
3.818904e+01
3.818904e+01
3.818904e+01
3.816372e+01
3.816372e+01
3.816372e+01
3.816372e+01
3.816372e+01
3.816372e+01
3.814569e+01
3.810590e+01
3.810590e+01
3.809318e+01
3.808458e+01
3.805169e+01
3.805169e+01
3.802790e+01
3.802790e+01
3.802790e+01
3.802790e+01
3.802522e+01
3.802522e+01
3.802133e+01
3.800877e+01
3.800877e+01
3.800877e+01
3.800877e+01
3.800877e+01
3.800574e+01
3.799491e+01
3.799445e+01
3.796568e+01
3.796568e+01
3.793920e+01
3.793920e+01
3.793920e+01
3.793516e+01
3.793516e+01
3.792879e+01
3.792455e+01
3.790729e+01
3.789713e+01
3.788816e+01
3.788816e+01
3.786692e+01
3.786692e+01
3.786692e+01
3.785727e+01
3.785727e+01
3.785649e+01
3.783153e+01
3.783153e+01
3.783153e+01
3.782606e+01
3.780939e+01
3.780939e+01
3.780939e+01
3.780939e+01
3.780939e+01
3.780939e+01
3.780939e+01
3.780664e+01
3.780664e+01
3.780664e+01
3.780664e+01
3.780166e+01
3.780166e+01
3.779863e+01
3.779765e+01
3.779140e+01
3.779140e+01
3.779140e+01
3.779140e+01
3.778103e+01
3.777653e+01
3.776262e+01
3.775169e+01
3.775169e+01
3.775169e+01
3.775145e+01
3.775145e+01
3.775086e+01
3.774898e+01
3.774398e+01
3.773642e+01
3.772763e+01
3.772398e+01
3.771488e+01
3.771344e+01
3.771291e+01
3.769242e+01
3.769242e+01
3.769242e+01
3.768685e+01
3.768527e+01
3.768316e+01
3.768316e+01
3.768316e+01
3.768316e+01
3.766126e+01
3.766058e+01
3.766058e+01
3.765871e+01
3.765255e+01
3.765255e+01
3.763467e+01
3.763467e+01
3.762243e+01
3.762007e+01
3.762007e+01
3.761435e+01
3.760369e+01
3.760369e+01
3.760369e+01
3.759888e+01
3.759888e+01
3.757664e+01
3.757664e+01
3.757664e+01
3.757664e+01
3.757664e+01
3.757664e+01
3.757664e+01
3.757664e+01
3.757318e+01
3.757104e+01
3.757104e+01
3.757104e+01
3.756666e+01
3.756210e+01
3.755389e+01
3.755389e+01
3.755389e+01
3.755225e+01
3.754981e+01
3.754263e+01
3.754178e+01
3.754178e+01
3.754077e+01
3.753318e+01
3.753318e+01
3.751859e+01
3.751859e+01
3.751859e+01
3.751859e+01
3.751859e+01
3.751703e+01
3.751452e+01
3.751096e+01
3.751096e+01
3.750711e+01
3.750711e+01
3.750711e+01
3.750515e+01
3.749469e+01
3.749469e+01
3.749469e+01
3.749469e+01
3.749397e+01
3.749367e+01
3.749187e+01
3.748839e+01
3.748731e+01
3.748073e+01
3.748073e+01
3.748073e+01
3.748073e+01
3.747599e+01
3.747599e+01
3.747514e+01
3.745848e+01
3.745825e+01
3.745031e+01
3.745031e+01
3.745031e+01
3.745031e+01
3.745031e+01
3.744568e+01
3.744568e+01
3.744568e+01
3.744396e+01
3.744220e+01
3.744220e+01
3.744016e+01
3.743522e+01
3.743184e+01
3.742981e+01
3.742981e+01
3.742981e+01
3.742981e+01
3.742837e+01
3.742715e+01
3.742715e+01
3.742369e+01
3.741236e+01
3.741236e+01
3.741236e+01
3.741236e+01
3.741236e+01
3.741021e+01
3.740995e+01
3.740995e+01
3.740362e+01
3.739748e+01
3.739748e+01
3.739748e+01
3.739239e+01
3.737666e+01
3.737666e+01
3.737666e+01
3.737163e+01
3.737163e+01
3.736207e+01
3.736207e+01
3.736207e+01
3.736207e+01
3.735037e+01
3.735037e+01
3.735037e+01
3.734460e+01
3.734450e+01
3.734450e+01
3.734066e+01
3.732906e+01
3.732906e+01
3.732906e+01
3.732906e+01
3.732456e+01
3.732454e+01
3.732454e+01
3.732454e+01
3.732306e+01
3.732306e+01
3.732016e+01
3.731678e+01
3.731678e+01
3.729817e+01
3.729817e+01
3.729817e+01
3.729508e+01
3.729417e+01
3.728297e+01
3.728297e+01
3.728297e+01
3.727710e+01
3.727555e+01
3.727555e+01
3.727289e+01
3.727289e+01
3.726403e+01
3.726403e+01
3.726403e+01
3.726403e+01
3.724365e+01
3.724365e+01
3.724365e+01
3.724365e+01
3.724365e+01
3.724365e+01
3.724354e+01
3.723544e+01
3.723544e+01
3.723544e+01
3.722997e+01
3.722118e+01
3.722118e+01
3.721099e+01
3.720969e+01
3.719634e+01
3.719634e+01
3.719634e+01
3.719634e+01
3.718184e+01
3.717651e+01
3.717590e+01
3.717590e+01
3.717590e+01
3.717033e+01
3.716856e+01
3.716185e+01
3.716185e+01
3.716185e+01
3.716185e+01
3.716185e+01
3.715713e+01
3.715553e+01
3.714082e+01
3.714082e+01
3.714049e+01
3.714049e+01
3.713399e+01
3.713399e+01
3.713308e+01
3.712823e+01
3.710149e+01
3.710149e+01
3.709644e+01
3.709527e+01
3.708874e+01
3.707775e+01
3.707775e+01
3.707577e+01
3.706751e+01
3.706751e+01
3.706751e+01
3.706430e+01
3.706025e+01
3.706025e+01
3.705692e+01
3.704005e+01
3.704005e+01
3.704005e+01
3.703900e+01
3.703482e+01
3.699859e+01
3.699859e+01
3.699859e+01
3.699563e+01
3.699563e+01
3.697930e+01
3.697930e+01
3.697930e+01
3.697930e+01
3.697521e+01
3.697136e+01
3.695984e+01
3.695984e+01
3.695984e+01
3.695984e+01
3.693954e+01
3.693316e+01
3.692140e+01
3.692140e+01
3.692140e+01
3.692140e+01
3.690780e+01
3.689025e+01
3.689025e+01
3.687898e+01
3.687898e+01
3.687898e+01
3.685057e+01
3.684092e+01
3.684092e+01
3.683964e+01
3.683556e+01
3.682213e+01
3.681391e+01
3.681391e+01
3.680743e+01
3.680743e+01
3.679820e+01
3.677428e+01
3.677065e+01
3.676389e+01
3.676389e+01
3.676147e+01
3.673716e+01
3.673716e+01
3.672263e+01
3.672263e+01
3.672263e+01
3.670719e+01
3.670294e+01
3.669799e+01
3.669063e+01
3.669063e+01
3.669063e+01
3.667200e+01
3.667200e+01
3.667200e+01
3.667200e+01
3.667200e+01
3.663674e+01
3.663674e+01
3.663674e+01
3.662308e+01
3.662308e+01
3.662308e+01
3.662308e+01
3.662308e+01
3.662308e+01
3.657852e+01
3.657852e+01
3.657852e+01
3.657370e+01
3.657094e+01
3.657094e+01
3.657094e+01
3.655520e+01
3.653737e+01
3.653737e+01
3.653737e+01
3.653737e+01
3.653737e+01
3.652255e+01
3.650234e+01
3.650234e+01
3.650234e+01
3.649047e+01
3.648335e+01
3.647581e+01
3.646331e+01
3.645713e+01
3.645713e+01
3.645713e+01
3.645713e+01
3.644568e+01
3.644467e+01
3.642808e+01
3.641817e+01
3.641817e+01
3.641817e+01
3.641079e+01
3.640509e+01
3.639928e+01
3.639580e+01
3.639160e+01
3.638024e+01
3.634249e+01
3.634249e+01
3.634249e+01
3.634249e+01
3.634249e+01
3.634024e+01
3.631848e+01
3.631848e+01
3.631848e+01
3.631848e+01
3.631848e+01
3.631499e+01
3.630229e+01
3.629426e+01
3.629426e+01
3.629426e+01
3.628032e+01
3.628032e+01
3.628032e+01
3.627680e+01
3.627316e+01
3.627097e+01
3.626060e+01
3.624979e+01
3.624979e+01
3.623347e+01
3.623347e+01
3.623057e+01
3.623057e+01
3.621252e+01
3.621252e+01
3.621252e+01
3.620494e+01
3.620494e+01
3.620494e+01
3.620494e+01
3.618773e+01
3.618773e+01
3.617494e+01
3.617494e+01
3.617494e+01
3.616486e+01
3.616486e+01
3.616337e+01
3.616337e+01
3.614833e+01
3.613433e+01
3.613433e+01
3.613169e+01
3.613169e+01
3.612368e+01
3.612109e+01
3.612109e+01
3.612109e+01
3.611970e+01
3.611276e+01
3.609324e+01
3.609324e+01
3.609324e+01
3.609324e+01
3.608597e+01
3.608493e+01
3.606871e+01
3.606871e+01
3.606367e+01
3.606367e+01
3.606096e+01
3.606096e+01
3.605628e+01
3.605600e+01
3.605352e+01
3.605352e+01
3.604513e+01
3.604513e+01
3.604062e+01
3.604062e+01
3.603852e+01
3.603852e+01
3.603058e+01
3.603016e+01
3.602731e+01
3.601962e+01
3.601009e+01
3.601009e+01
3.600493e+01
3.600493e+01
3.599251e+01
3.599251e+01
3.597770e+01
3.597770e+01
3.596841e+01
3.596841e+01
3.596841e+01
3.596186e+01
3.596186e+01
3.596162e+01
3.595315e+01
3.593948e+01
3.593859e+01
3.593219e+01
3.592446e+01
3.592446e+01
3.591942e+01
3.591610e+01
3.591610e+01
3.590728e+01
3.590728e+01
3.590728e+01
3.590728e+01
3.590141e+01
3.589994e+01
3.589699e+01
3.587231e+01
3.587231e+01
3.587200e+01
3.587200e+01
3.587154e+01
3.586633e+01
3.586633e+01
3.586258e+01
3.585379e+01
3.585086e+01
3.584639e+01
3.584536e+01
3.584536e+01
3.584536e+01
3.584536e+01
3.584536e+01
3.584536e+01
3.584536e+01
3.581938e+01
3.581938e+01
3.581938e+01
3.581189e+01
3.581189e+01
3.581189e+01
3.581189e+01
3.581189e+01
3.581189e+01
3.581189e+01
3.581079e+01
3.581079e+01
3.580570e+01
3.580172e+01
3.579837e+01
3.579837e+01
3.578780e+01
3.578780e+01
3.578643e+01
3.578643e+01
3.578197e+01
3.578197e+01
3.578036e+01
3.578036e+01
3.578036e+01
3.578036e+01
3.577862e+01
3.577516e+01
3.577516e+01
3.577516e+01
3.576802e+01
3.575919e+01
3.575919e+01
3.575919e+01
3.575919e+01
3.575807e+01
3.575733e+01
3.575592e+01
3.575592e+01
3.574942e+01
3.574942e+01
3.574936e+01
3.574555e+01
3.574042e+01
3.574042e+01
3.574042e+01
3.574042e+01
3.573635e+01
3.572939e+01
3.572929e+01
3.572267e+01
3.571431e+01
3.571431e+01
3.571072e+01
3.570975e+01
3.570975e+01
3.569033e+01
3.569033e+01
3.569033e+01
3.569033e+01
3.568739e+01
3.568599e+01
3.568599e+01
3.568599e+01
3.568353e+01
3.567527e+01
3.567527e+01
3.566155e+01
3.566128e+01
3.566128e+01
3.566128e+01
3.566061e+01
3.565046e+01
3.564916e+01
3.563452e+01
3.563452e+01
3.563452e+01
3.563452e+01
3.563452e+01
3.562472e+01
3.561803e+01
3.561527e+01
3.560938e+01
3.560892e+01
3.560892e+01
3.560892e+01
3.560828e+01
3.560828e+01
3.560236e+01
3.559679e+01
3.558834e+01
3.558834e+01
3.558834e+01
3.558834e+01
3.558834e+01
3.558064e+01
3.555618e+01
3.555618e+01
3.555618e+01
3.555351e+01
3.555214e+01
3.555214e+01
3.555214e+01
3.554433e+01
3.554433e+01
3.551063e+01
3.551063e+01
3.548957e+01
3.548957e+01
3.548944e+01
3.545770e+01
3.545770e+01
3.543884e+01
3.541886e+01
3.541886e+01
3.541886e+01
3.541886e+01
3.541886e+01
3.540646e+01
3.540646e+01
3.540417e+01
3.540417e+01
3.540417e+01
3.539938e+01
3.536560e+01
3.536560e+01
3.536069e+01
3.536069e+01
3.535767e+01
3.535767e+01
3.535767e+01
3.535767e+01
3.535767e+01
3.534066e+01
3.534066e+01
3.534066e+01
3.533449e+01
3.532078e+01
3.531003e+01
3.531003e+01
3.530685e+01
3.530685e+01
3.530685e+01
3.528762e+01
3.528762e+01
3.527078e+01
3.527078e+01
3.527078e+01
3.526478e+01
3.526478e+01
3.526478e+01
3.524777e+01
3.524777e+01
3.524777e+01
3.522896e+01
3.522896e+01
3.522896e+01
3.522896e+01
3.522896e+01
3.521232e+01
3.521232e+01
3.521232e+01
3.521232e+01
3.520986e+01
3.520986e+01
3.519096e+01
3.519096e+01
3.517613e+01
3.517613e+01
3.516337e+01
3.516337e+01
3.515893e+01
3.513478e+01
3.513478e+01
3.512497e+01
3.509332e+01
3.509332e+01
3.506644e+01
3.506644e+01
3.506644e+01
3.506644e+01
3.505906e+01
3.505906e+01
3.505906e+01
3.505906e+01
3.505714e+01
3.504321e+01
3.504321e+01
3.504321e+01
3.504321e+01
3.504321e+01
3.503745e+01
3.502657e+01
3.501932e+01
3.501932e+01
3.501932e+01
3.501932e+01
3.501932e+01
3.501436e+01
3.500891e+01
3.499827e+01
3.499827e+01
3.499827e+01
3.498855e+01
3.497856e+01
3.497769e+01
3.496550e+01
3.496550e+01
3.495809e+01
3.495680e+01
3.494587e+01
3.494587e+01
3.494587e+01
3.492510e+01
3.492510e+01
3.492510e+01
3.492510e+01
3.492510e+01
3.491321e+01
3.491321e+01
3.491321e+01
3.490649e+01
3.489899e+01
3.488944e+01
3.488812e+01
3.488669e+01
3.487007e+01
3.487007e+01
3.487007e+01
3.486843e+01
3.486138e+01
3.484863e+01
3.484863e+01
3.484650e+01
3.484100e+01
3.483229e+01
3.482178e+01
3.482178e+01
3.482178e+01
3.481233e+01
3.481074e+01
3.481074e+01
3.479349e+01
3.479118e+01
3.477853e+01
3.477268e+01
3.475201e+01
3.474789e+01
3.474789e+01
3.474108e+01
3.473878e+01
3.470819e+01
3.470819e+01
3.468874e+01
3.462052e+01
3.462052e+01
3.460871e+01
3.460871e+01
3.460871e+01
3.460201e+01
3.460201e+01
3.460201e+01
3.460201e+01
3.460201e+01
3.459017e+01
3.459017e+01
3.456587e+01
3.455886e+01
3.455886e+01
3.455886e+01
3.455619e+01
3.454639e+01
3.453568e+01
3.453296e+01
3.453296e+01
3.453296e+01
3.453296e+01
3.453296e+01
3.452570e+01
3.451304e+01
3.450862e+01
3.450508e+01
3.450508e+01
3.450508e+01
3.447766e+01
3.447766e+01
3.447766e+01
3.447766e+01
3.447691e+01
3.447691e+01
3.444671e+01
3.444671e+01
3.444671e+01
3.443226e+01
3.443183e+01
3.442016e+01
3.441398e+01
3.441398e+01
3.441398e+01
3.440671e+01
3.439867e+01
3.439867e+01
3.439434e+01
3.439092e+01
3.437422e+01
3.436026e+01
3.435714e+01
3.434174e+01
3.433740e+01
3.432751e+01
3.432751e+01
3.431868e+01
3.431868e+01
3.430209e+01
3.430209e+01
3.429781e+01
3.428629e+01
3.428629e+01
3.426926e+01
3.425952e+01
3.425952e+01
3.425952e+01
3.425952e+01
3.424109e+01
3.424109e+01
3.423282e+01
3.422381e+01
3.422381e+01
3.422381e+01
3.422381e+01
3.422381e+01
3.422033e+01
3.420159e+01
3.420159e+01
3.420159e+01
3.419790e+01
3.419520e+01
3.419171e+01
3.419171e+01
3.418780e+01
3.418608e+01
3.418608e+01
3.417552e+01
3.417552e+01
3.417552e+01
3.417460e+01
3.416263e+01
3.416263e+01
3.416263e+01
3.416263e+01
3.416140e+01
3.415743e+01
3.415128e+01
3.414409e+01
3.413907e+01
3.413907e+01
3.413907e+01
3.413629e+01
3.412704e+01
3.411930e+01
3.411930e+01
3.411930e+01
3.411930e+01
3.411930e+01
3.411862e+01
3.411860e+01
3.411860e+01
3.411797e+01
3.411381e+01
3.411381e+01
3.411381e+01
3.411169e+01
3.411169e+01
3.410637e+01
3.410339e+01
3.410311e+01
3.409554e+01
3.409554e+01
3.409197e+01
3.408421e+01
3.407949e+01
3.407949e+01
3.407949e+01
3.407851e+01
3.407104e+01
3.406440e+01
3.406265e+01
3.406265e+01
3.406265e+01
3.406193e+01
3.406193e+01
3.405442e+01
3.405442e+01
3.405150e+01
3.405150e+01
3.405150e+01
3.405150e+01
3.404530e+01
3.404029e+01
3.404029e+01
3.403825e+01
3.403825e+01
3.403664e+01
3.403561e+01
3.403561e+01
3.403432e+01
3.403313e+01
3.403199e+01
3.403199e+01
3.402927e+01
3.402927e+01
3.402918e+01
3.402681e+01
3.402283e+01
3.402031e+01
3.401279e+01
3.401279e+01
3.400790e+01
3.400356e+01
3.400356e+01
3.400356e+01
3.400356e+01
3.400180e+01
3.399566e+01
3.399566e+01
3.399566e+01
3.399416e+01
3.399232e+01
3.398971e+01
3.398920e+01
3.398082e+01
3.398082e+01
3.397872e+01
3.396255e+01
3.396195e+01
3.396195e+01
3.396000e+01
3.395857e+01
3.395671e+01
3.395671e+01
3.395158e+01
3.393547e+01
3.393547e+01
3.392590e+01
3.392590e+01
3.392433e+01
3.391408e+01
3.391408e+01
3.391408e+01
3.391408e+01
3.391408e+01
3.391408e+01
3.391408e+01
3.391368e+01
3.390964e+01
3.390389e+01
3.390389e+01
3.390389e+01
3.390375e+01
3.390375e+01
3.389756e+01
3.389756e+01
3.389756e+01
3.389752e+01
3.389752e+01
3.388705e+01
3.388546e+01
3.388546e+01
3.388546e+01
3.387613e+01
3.387613e+01
3.387613e+01
3.387613e+01
3.387535e+01
3.386989e+01
3.386556e+01
3.385167e+01
3.384894e+01
3.384894e+01
3.384894e+01
3.384894e+01
3.384894e+01
3.384894e+01
3.384285e+01
3.384093e+01
3.382845e+01
3.382845e+01
3.382294e+01
3.382170e+01
3.380896e+01
3.378974e+01
3.378974e+01
3.378974e+01
3.377675e+01
3.377675e+01
3.377675e+01
3.376741e+01
3.376741e+01
3.376741e+01
3.376741e+01
3.376741e+01
3.376741e+01
3.376741e+01
3.376590e+01
3.376590e+01
3.376512e+01
3.375408e+01
3.375408e+01
3.373955e+01
3.373955e+01
3.373873e+01
3.373108e+01
3.372758e+01
3.371617e+01
3.371258e+01
3.371151e+01
3.370500e+01
3.370500e+01
3.370158e+01
3.370158e+01
3.369536e+01
3.367883e+01
3.367883e+01
3.367857e+01
3.367321e+01
3.364782e+01
3.364782e+01
3.364782e+01
3.364782e+01
3.364782e+01
3.364782e+01
3.363721e+01
3.363721e+01
3.363721e+01
3.363721e+01
3.363721e+01
3.363721e+01
3.363687e+01
3.362871e+01
3.361568e+01
3.361568e+01
3.361024e+01
3.361024e+01
3.360878e+01
3.360878e+01
3.359376e+01
3.358667e+01
3.357025e+01
3.357025e+01
3.356691e+01
3.356691e+01
3.355969e+01
3.355969e+01
3.355040e+01
3.352620e+01
3.352620e+01
3.352620e+01
3.352620e+01
3.352620e+01
3.352620e+01
3.352617e+01
3.351810e+01
3.351791e+01
3.351248e+01
3.347708e+01
3.347708e+01
3.347708e+01
3.347708e+01
3.347708e+01
3.347708e+01
3.347433e+01
3.347433e+01
3.346422e+01
3.343838e+01
3.343838e+01
3.343838e+01
3.342780e+01
3.342780e+01
3.342780e+01
3.342780e+01
3.340833e+01
3.340833e+01
3.340833e+01
3.340833e+01
3.340833e+01
3.340609e+01
3.340609e+01
3.340496e+01
3.339360e+01
3.339144e+01
3.339144e+01
3.337470e+01
3.337130e+01
3.337130e+01
3.337130e+01
3.337130e+01
3.336178e+01
3.335243e+01
3.334677e+01
3.334677e+01
3.333145e+01
3.331405e+01
3.331405e+01
3.329774e+01
3.326920e+01
3.326920e+01
3.326920e+01
3.326172e+01
3.324644e+01
3.321436e+01
3.320281e+01
3.319588e+01
3.319588e+01
3.319588e+01
3.319588e+01
3.319588e+01
3.319588e+01
3.319347e+01
3.319347e+01
3.319247e+01
3.319247e+01
3.314394e+01
3.314394e+01
3.314394e+01
3.314394e+01
3.314170e+01
3.314170e+01
3.313661e+01
3.312387e+01
3.311945e+01
3.308843e+01
3.308843e+01
3.308843e+01
3.308843e+01
3.307890e+01
3.307890e+01
3.307890e+01
3.307689e+01
3.307161e+01
3.307161e+01
3.307161e+01
3.306424e+01
3.306424e+01
3.306424e+01
3.306402e+01
3.306402e+01
3.306369e+01
3.305714e+01
3.303282e+01
3.303035e+01
3.302114e+01
3.302114e+01
3.302114e+01
3.302044e+01
3.301740e+01
3.301740e+01
3.301659e+01
3.300337e+01
3.300332e+01
3.300332e+01
3.300000e+01
3.299044e+01
3.297471e+01
3.297245e+01
3.297245e+01
3.296191e+01
3.296144e+01
3.294282e+01
3.294282e+01
3.293608e+01
3.292468e+01
3.292468e+01
3.292382e+01
3.290954e+01
3.290954e+01
3.290954e+01
3.290077e+01
3.290077e+01
3.290077e+01
3.289487e+01
3.288325e+01
3.287747e+01
3.287600e+01
3.285826e+01
3.283944e+01
3.283944e+01
3.283267e+01
3.283267e+01
3.282493e+01
3.281925e+01
3.281925e+01
3.281925e+01
3.280816e+01
3.279987e+01
3.279389e+01
3.278738e+01
3.278738e+01
3.277942e+01
3.277792e+01
3.275719e+01
4.186724e+05
4.186724e+05
2.838497e+05
2.838497e+05
2.838497e+05
2.374029e+05
1.551925e+05
1.551925e+05
1.167167e+05
1.167167e+05
1.167167e+05
1.137898e+05
1.016171e+05
9.443255e+04
7.475345e+04
7.475345e+04
7.162053e+04
7.162053e+04
6.912886e+04
6.912886e+04
6.912886e+04
6.912886e+04
3.795197e+04
3.795197e+04
3.795197e+04
3.795197e+04
3.795197e+04
3.795197e+04
2.188325e+04
2.188325e+04
2.188325e+04
2.188325e+04
2.188325e+04
2.080304e+04
2.080304e+04
8.775222e+03
8.775222e+03
8.775222e+03
8.775222e+03
8.775222e+03
8.775222e+03
8.775222e+03
8.775222e+03
8.775222e+03
8.775222e+03
8.775222e+03
8.775222e+03
8.775222e+03
8.775222e+03
7.246946e+03
7.246946e+03
7.246946e+03
7.246946e+03
6.301601e+03
6.301601e+03
6.301601e+03
6.301601e+03
6.301601e+03
6.301601e+03
3.949249e+03
3.949249e+03
3.822450e+03
3.822450e+03
3.822450e+03
3.822450e+03
3.822450e+03
3.745469e+03
3.649724e+03
3.649724e+03
3.631908e+03
3.631908e+03
3.391096e+03
3.318997e+03
3.077079e+03
3.077079e+03
3.077079e+03
2.857166e+03
2.857166e+03
2.328473e+03
2.216993e+03
2.216993e+03
2.216993e+03
2.216993e+03
2.216993e+03
1.960736e+03
1.960736e+03
1.960736e+03
1.960736e+03
1.844308e+03
1.749701e+03
1.749701e+03
1.749701e+03
1.704936e+03
1.617536e+03
1.617536e+03
1.617536e+03
1.614494e+03
1.324330e+03
1.324330e+03
1.324330e+03
1.324330e+03
1.324330e+03
1.292308e+03
1.269394e+03
1.269394e+03
1.180055e+03
1.180055e+03
1.071698e+03
1.040302e+03
1.032968e+03
1.032968e+03
1.027454e+03
1.010854e+03
9.444404e+02
9.045588e+02
9.045588e+02
9.045588e+02
8.844490e+02
8.279662e+02
8.279662e+02
8.279662e+02
8.279662e+02
7.957908e+02
7.821834e+02
7.520612e+02
7.520612e+02
7.519964e+02
7.519964e+02
7.519964e+02
7.519964e+02
7.340389e+02
7.313026e+02
6.661137e+02
6.661137e+02
6.661137e+02
6.661137e+02
6.661137e+02
6.660791e+02
6.660791e+02
6.651117e+02
6.528592e+02
6.506982e+02
6.451888e+02
6.342917e+02
6.054764e+02
5.932979e+02
5.932979e+02
5.932979e+02
5.829644e+02
5.829644e+02
5.829644e+02
5.522131e+02
5.522131e+02
5.522131e+02
5.522131e+02
5.522131e+02
5.487231e+02
5.467765e+02
5.467765e+02
5.413148e+02
5.380360e+02
5.296604e+02
4.877651e+02
4.875318e+02
4.866027e+02
4.866027e+02
4.730187e+02
4.730187e+02
4.730187e+02
4.730187e+02
4.691801e+02
4.691801e+02
4.617006e+02
4.617006e+02
4.556356e+02
4.430332e+02
4.430332e+02
4.357894e+02
4.357894e+02
4.331293e+02
4.331293e+02
4.331293e+02
4.169292e+02
4.169292e+02
4.169292e+02
4.169292e+02
4.023808e+02
3.935747e+02
3.906462e+02
3.906462e+02
3.906462e+02
3.906462e+02
3.758116e+02
3.758116e+02
3.758116e+02
3.758116e+02
3.758116e+02
3.700067e+02
3.700067e+02
3.698068e+02
3.698068e+02
3.698068e+02
3.651979e+02
3.551050e+02
3.551050e+02
3.551050e+02
3.394601e+02
3.390648e+02
3.390648e+02
3.390648e+02
3.304346e+02
3.279268e+02
3.276725e+02
3.272158e+02
3.272158e+02
3.267647e+02
3.257679e+02
3.257679e+02
3.256372e+02
3.256372e+02
3.244520e+02
3.215911e+02
3.215284e+02
3.185460e+02
3.162739e+02
3.162739e+02
3.057445e+02
3.057445e+02
3.047825e+02
3.047825e+02
2.992374e+02
2.969755e+02
2.958997e+02
2.924986e+02
2.924986e+02
2.909071e+02
2.909071e+02
2.909071e+02
2.894972e+02
2.784319e+02
2.784319e+02
2.784319e+02
2.772023e+02
2.772023e+02
2.720793e+02
2.720793e+02
2.696874e+02
2.696874e+02
2.696874e+02
2.690576e+02
2.690576e+02
2.690576e+02
2.677999e+02
2.648795e+02
2.605838e+02
2.605838e+02
2.605838e+02
2.603416e+02
2.603416e+02
2.562478e+02
2.562478e+02
2.550826e+02
2.498359e+02
2.498359e+02
2.498359e+02
2.498359e+02
2.498359e+02
2.498359e+02
2.490235e+02
2.490235e+02
2.490235e+02
2.450741e+02
2.450741e+02
2.450741e+02
2.444318e+02
2.388753e+02
2.388753e+02
2.372087e+02
2.372087e+02
2.352373e+02
2.344706e+02
2.344706e+02
2.336078e+02
2.333792e+02
2.324953e+02
2.263655e+02
2.263655e+02
2.263655e+02
2.263655e+02
2.263655e+02
2.263655e+02
2.248068e+02
2.248068e+02
2.232996e+02
2.232996e+02
2.230703e+02
2.227421e+02
2.226118e+02
2.211021e+02
2.202321e+02
2.202321e+02
2.180209e+02
2.173962e+02
2.158162e+02
2.142331e+02
2.142331e+02
2.137092e+02
2.116284e+02
2.101736e+02
2.101736e+02
2.101736e+02
2.061608e+02
2.061608e+02
2.055307e+02
2.045088e+02
2.019474e+02
2.019474e+02
2.002490e+02
2.002490e+02
2.002490e+02
1.986989e+02
1.986989e+02
1.986989e+02
1.986989e+02
1.986345e+02
1.979010e+02
1.950171e+02
1.936493e+02
1.936493e+02
1.921480e+02
1.893144e+02
1.889016e+02
1.882384e+02
1.882384e+02
1.878138e+02
1.865937e+02
1.865937e+02
1.865937e+02
1.854563e+02
1.854513e+02
1.851923e+02
1.818514e+02
1.818514e+02
1.818514e+02
1.818514e+02
1.797239e+02
1.797239e+02
1.770273e+02
1.770273e+02
1.770273e+02
1.770273e+02
1.765539e+02
1.765539e+02
1.765539e+02
1.760117e+02
1.757866e+02
1.748717e+02
1.726683e+02
1.706449e+02
1.706449e+02
1.703227e+02
1.703227e+02
1.674258e+02
1.661999e+02
1.655720e+02
1.655720e+02
1.655720e+02
1.655720e+02
1.655720e+02
1.644971e+02
1.636703e+02
1.631091e+02
1.622781e+02
1.622781e+02
1.620795e+02
1.594573e+02
1.594573e+02
1.594573e+02
1.594573e+02
1.594483e+02
1.591264e+02
1.591264e+02
1.591264e+02
1.591264e+02
1.575900e+02
1.565710e+02
1.565710e+02
1.562442e+02
1.550956e+02
1.541949e+02
1.539497e+02
1.537896e+02
1.529169e+02
1.525419e+02
1.513449e+02
1.513449e+02
1.513449e+02
1.513449e+02
1.511849e+02
1.511849e+02
1.511849e+02
1.508160e+02
1.495295e+02
1.495295e+02
1.486978e+02
1.486978e+02
1.480557e+02
1.476317e+02
1.474736e+02
1.474736e+02
1.471574e+02
1.460998e+02
1.455682e+02
1.455682e+02
1.444038e+02
1.444038e+02
1.444038e+02
1.444019e+02
1.428054e+02
1.428054e+02
1.428054e+02
1.428054e+02
1.428054e+02
1.428054e+02
1.428054e+02
1.426543e+02
1.423750e+02
1.420300e+02
1.420300e+02
1.420300e+02
1.415568e+02
1.415568e+02
1.415568e+02
1.415568e+02
1.410791e+02
1.405647e+02
1.405647e+02
1.400275e+02
1.400275e+02
1.400275e+02
1.396826e+02
1.396826e+02
1.396304e+02
1.392821e+02
1.388246e+02
1.388246e+02
1.388246e+02
1.388246e+02
1.382744e+02
1.375564e+02
1.375564e+02
1.375564e+02
1.375564e+02
1.375564e+02
1.375564e+02
1.375564e+02
1.375088e+02
1.372872e+02
1.371022e+02
1.367120e+02
1.365837e+02
1.365837e+02
1.358671e+02
1.358671e+02
1.357624e+02
1.357624e+02
1.354043e+02
1.344485e+02
1.344485e+02
1.339906e+02
1.339906e+02
1.339906e+02
1.339906e+02
1.339460e+02
1.328043e+02
1.326880e+02
1.326880e+02
1.325623e+02
1.316957e+02
1.316957e+02
1.315814e+02
1.304560e+02
1.302571e+02
1.302571e+02
1.300274e+02
1.297314e+02
1.295415e+02
1.294169e+02
1.286960e+02
1.286960e+02
1.286960e+02
1.286960e+02
1.274415e+02
1.274415e+02
1.274415e+02
1.274415e+02
1.268569e+02
1.268569e+02
1.264943e+02
1.264943e+02
1.264943e+02
1.264943e+02
1.262993e+02
1.260478e+02
1.256954e+02
1.250611e+02
1.247643e+02
1.247643e+02
1.247643e+02
1.247560e+02
1.244744e+02
1.244744e+02
1.237941e+02
1.237279e+02
1.233781e+02
1.233781e+02
1.232551e+02
1.232551e+02
1.229387e+02
1.227347e+02
1.216481e+02
1.216481e+02
1.214575e+02
1.214575e+02
1.214575e+02
1.209120e+02
1.205588e+02
1.205588e+02
1.205588e+02
1.203808e+02
1.201626e+02
1.196079e+02
1.190847e+02
1.190847e+02
1.187762e+02
1.187163e+02
1.187163e+02
1.187163e+02
1.187163e+02
1.187163e+02
1.183817e+02
1.183729e+02
1.179371e+02
1.178091e+02
1.178091e+02
1.174155e+02
1.174155e+02
1.174155e+02
1.174155e+02
1.174155e+02
1.170821e+02
1.167273e+02
1.167273e+02
1.167273e+02
1.167273e+02
1.167273e+02
1.167273e+02
1.167273e+02
1.166379e+02
1.166379e+02
1.163600e+02
1.161959e+02
1.157278e+02
1.157278e+02
1.157278e+02
1.157278e+02
1.157278e+02
1.157278e+02
1.157278e+02
1.157278e+02
1.156974e+02
1.151966e+02
1.151966e+02
1.151966e+02
1.151966e+02
1.151966e+02
1.151966e+02
1.151966e+02
1.149645e+02
1.149645e+02
1.149645e+02
1.149645e+02
1.149040e+02
1.148950e+02
1.148908e+02
1.147694e+02
1.147219e+02
1.147219e+02
1.147219e+02
1.146100e+02
1.146100e+02
1.146100e+02
1.144958e+02
1.144224e+02
1.143802e+02
1.143802e+02
1.143763e+02
1.143528e+02
1.142972e+02
1.142972e+02
1.142972e+02
1.142972e+02
1.142972e+02
1.142852e+02
1.142852e+02
1.142852e+02
1.142852e+02
1.142423e+02
1.141901e+02
1.141261e+02
1.141261e+02
1.141261e+02
1.140732e+02
1.140642e+02
1.140488e+02
1.139443e+02
1.139443e+02
1.139443e+02
1.139443e+02
1.139177e+02
1.139177e+02
1.139177e+02
1.138376e+02
1.137555e+02
1.137555e+02
1.137170e+02
1.137170e+02
1.137170e+02
1.137066e+02
1.136461e+02
1.136456e+02
1.136456e+02
1.136456e+02
1.136107e+02
1.135883e+02
1.135883e+02
1.134906e+02
1.134906e+02
1.134526e+02
1.134526e+02
1.134526e+02
1.134306e+02
1.134306e+02
1.134230e+02
1.133538e+02
1.133538e+02
1.133538e+02
1.133400e+02
1.133146e+02
1.132904e+02
1.132742e+02
1.132732e+02
1.131856e+02
1.131856e+02
1.131856e+02
1.131856e+02
1.131856e+02
1.131856e+02
1.131856e+02
1.131856e+02
1.131600e+02
1.131600e+02
1.131576e+02
1.131445e+02
1.131313e+02
1.131285e+02
1.131285e+02
1.131285e+02
1.131265e+02
1.131118e+02
1.130925e+02
1.130912e+02
1.130681e+02
1.130400e+02
1.130249e+02
1.130249e+02
1.130210e+02
1.130074e+02
1.129943e+02
1.129386e+02
1.129386e+02
1.129386e+02
1.129386e+02
1.129316e+02
1.128695e+02
1.128695e+02
1.128695e+02
1.128695e+02
1.128650e+02
1.128650e+02
1.128393e+02
1.128393e+02
1.128237e+02
1.128237e+02
1.128135e+02
1.128091e+02
1.127989e+02
1.127890e+02
1.127829e+02
1.127592e+02
1.127316e+02
1.127307e+02
1.127307e+02
1.127240e+02
1.126937e+02
1.126937e+02
1.126937e+02
1.126835e+02
1.126411e+02
1.125994e+02
1.125994e+02
1.125994e+02
1.125994e+02
1.125994e+02
1.125994e+02
1.125994e+02
1.125954e+02
1.125954e+02
1.125954e+02
1.125812e+02
1.125812e+02
1.125812e+02
1.125551e+02
1.125551e+02
1.125406e+02
1.125222e+02
1.125222e+02
1.125222e+02
1.125011e+02
1.124998e+02
1.124870e+02
1.124767e+02
1.124527e+02
1.124448e+02
1.123752e+02
1.123752e+02
1.123752e+02
1.123623e+02
1.123570e+02
1.123404e+02
1.123404e+02
1.123388e+02
1.122962e+02
1.122962e+02
1.122962e+02
1.122962e+02
1.122857e+02
1.122857e+02
1.122815e+02
1.122671e+02
1.122501e+02
1.122501e+02
1.122501e+02
1.122495e+02
1.122262e+02
1.121875e+02
1.121875e+02
1.121793e+02
1.121782e+02
1.121000e+02
1.121000e+02
1.121000e+02
1.120093e+02
1.120093e+02
1.120082e+02
1.120082e+02
1.120082e+02
1.120082e+02
1.120081e+02
1.119710e+02
1.119710e+02
1.119710e+02
1.119629e+02
1.118942e+02
1.118942e+02
1.118942e+02
1.118942e+02
1.118942e+02
1.118325e+02
1.118325e+02
1.118209e+02
1.118209e+02
1.117653e+02
1.117354e+02
1.117354e+02
1.116890e+02
1.116890e+02
1.116573e+02
1.116030e+02
1.116030e+02
1.116026e+02
1.115979e+02
1.115391e+02
1.115391e+02
1.115157e+02
1.115157e+02
1.115098e+02
1.115098e+02
1.114666e+02
1.113279e+02
1.113279e+02
1.113279e+02
1.112105e+02
1.111292e+02
1.110401e+02
1.110401e+02
1.110401e+02
1.110261e+02
1.110261e+02
1.110261e+02
1.109958e+02
1.107368e+02
1.107368e+02
1.107368e+02
1.107031e+02
1.106989e+02
1.106989e+02
1.106769e+02
1.106270e+02
1.105811e+02
1.105811e+02
1.105811e+02
1.105498e+02
1.105108e+02
1.105108e+02
1.105108e+02
1.105028e+02
1.104333e+02
1.103081e+02
1.103081e+02
1.102671e+02
1.101616e+02
1.101616e+02
1.099996e+02
1.099996e+02
1.097256e+02
1.097256e+02
1.097256e+02
1.096017e+02
1.094895e+02
1.094151e+02
1.092021e+02
1.091600e+02
1.090806e+02
1.089533e+02
1.088735e+02
1.087453e+02
1.084277e+02
1.083553e+02
1.083553e+02
1.083553e+02
1.080933e+02
1.077763e+02
1.077763e+02
1.073285e+02
1.073285e+02
1.073285e+02
1.069416e+02
1.069416e+02
1.061774e+02
1.060891e+02
1.060891e+02
1.060891e+02
1.054002e+02
1.051727e+02
1.050746e+02
1.045203e+02
1.045203e+02
1.044947e+02
1.039155e+02
1.039155e+02
1.036195e+02
1.036195e+02
1.035422e+02
1.026842e+02
1.016405e+02
1.016405e+02
1.016405e+02
1.008961e+02
1.008961e+02
1.008961e+02
1.008907e+02
1.008907e+02
1.008867e+02
1.008414e+02
1.000154e+02
1.000154e+02
9.973251e+01
9.885835e+01
9.885835e+01
9.885835e+01
9.885835e+01
9.885835e+01
9.885835e+01
9.824623e+01
9.824623e+01
9.758067e+01
9.741088e+01
9.625634e+01
9.625634e+01
9.575626e+01
9.575626e+01
9.575626e+01
9.536706e+01
9.499296e+01
9.443043e+01
9.280692e+01
9.280692e+01
9.198300e+01
9.131674e+01
9.131674e+01
9.131674e+01
9.086772e+01
9.084417e+01
9.065530e+01
9.035987e+01
8.936550e+01
8.881137e+01
8.730603e+01
8.730603e+01
8.615824e+01
8.471751e+01
8.433206e+01
8.433206e+01
8.433206e+01
8.433206e+01
8.412849e+01
8.335657e+01
8.335657e+01
8.335657e+01
8.335657e+01
8.335657e+01
8.335657e+01
8.259442e+01
8.259442e+01
8.259442e+01
8.259442e+01
8.259442e+01
8.234987e+01
8.179823e+01
8.179823e+01
8.109022e+01
8.054035e+01
7.911522e+01
7.911522e+01
7.878412e+01
7.844402e+01
7.698657e+01
7.698657e+01
7.698657e+01
7.698657e+01
7.665740e+01
7.665740e+01
7.487605e+01
7.487605e+01
7.487605e+01
7.487605e+01
7.487605e+01
7.487605e+01
7.468764e+01
7.468764e+01
7.459780e+01
7.438173e+01
7.425391e+01
7.374875e+01
7.288468e+01
7.286512e+01
7.222533e+01
7.222533e+01
7.222533e+01
7.215095e+01
7.215095e+01
7.069637e+01
7.058574e+01
7.058574e+01
7.037833e+01
7.037833e+01
7.037833e+01
7.014660e+01
7.004346e+01
6.950171e+01
6.950171e+01
6.931384e+01
6.773210e+01
6.773210e+01
6.773210e+01
6.773210e+01
6.773210e+01
6.772265e+01
6.772265e+01
6.756077e+01
6.756077e+01
6.756077e+01
6.736383e+01
6.736383e+01
6.694698e+01
6.694698e+01
6.693754e+01
6.693754e+01
6.693754e+01
6.591154e+01
6.591154e+01
6.591154e+01
6.570596e+01
6.570596e+01
6.570596e+01
6.532335e+01
6.522927e+01
6.518520e+01
6.518520e+01
6.518520e+01
6.508271e+01
6.508271e+01
6.487736e+01
6.487736e+01
6.486346e+01
6.448600e+01
6.448336e+01
6.432118e+01
6.420353e+01
6.419754e+01
6.396427e+01
6.396427e+01
6.381000e+01
6.354142e+01
6.354142e+01
6.354142e+01
6.354142e+01
6.354142e+01
6.351803e+01
6.350724e+01
6.335266e+01
6.330595e+01
6.326101e+01
6.322183e+01
6.322183e+01
6.303397e+01
6.291310e+01
6.289273e+01
6.279078e+01
6.220598e+01
6.220598e+01
6.220598e+01
6.214678e+01
6.214678e+01
6.206755e+01
6.206755e+01
6.199586e+01
6.199586e+01
6.198138e+01
6.197528e+01
6.197528e+01
6.163799e+01
6.163799e+01
6.162884e+01
6.153953e+01
6.151396e+01
6.151396e+01
6.143760e+01
6.131421e+01
6.131421e+01
6.116529e+01
6.116529e+01
6.116529e+01
6.086133e+01
6.086133e+01
6.086133e+01
6.085077e+01
6.085077e+01
6.078532e+01
6.068996e+01
6.068996e+01
6.066000e+01
6.050958e+01
6.040814e+01
6.040814e+01
6.040814e+01
6.036394e+01
6.021893e+01
6.021893e+01
6.021893e+01
6.021893e+01
6.021893e+01
6.021893e+01
6.011208e+01
6.011208e+01
6.003640e+01
6.003640e+01
6.003640e+01
5.996207e+01
5.996207e+01
5.996207e+01
5.993451e+01
5.992531e+01
5.992531e+01
5.990278e+01
5.987002e+01
5.981833e+01
5.981833e+01
5.967634e+01
5.967634e+01
5.967634e+01
5.967634e+01
5.966020e+01
5.966020e+01
5.966020e+01
5.966020e+01
5.954003e+01
5.954003e+01
5.951812e+01
5.951488e+01
5.951488e+01
5.951488e+01
5.951488e+01
5.951488e+01
5.951488e+01
5.951488e+01
5.951065e+01
5.949616e+01
5.947712e+01
5.945443e+01
5.945443e+01
5.944484e+01
5.940431e+01
5.940431e+01
5.939344e+01
5.933179e+01
5.931866e+01
5.928549e+01
5.925245e+01
5.925245e+01
5.925245e+01
5.923790e+01
5.923790e+01
5.923348e+01
5.923348e+01
5.923348e+01
5.920369e+01
5.919677e+01
5.914609e+01
5.913794e+01
5.911987e+01
5.911987e+01
5.903870e+01
5.903870e+01
5.903870e+01
5.903870e+01
5.903870e+01
5.902048e+01
5.897157e+01
5.897157e+01
5.897157e+01
5.897157e+01
5.896353e+01
5.894167e+01
5.894167e+01
5.891577e+01
5.891577e+01
5.891577e+01
5.891188e+01
5.890531e+01
5.890531e+01
5.890531e+01
5.890531e+01
5.889499e+01
5.889356e+01
5.889356e+01
5.888081e+01
5.887777e+01
5.886446e+01
5.886446e+01
5.884480e+01
5.884480e+01
5.883066e+01
5.882900e+01
5.881104e+01
5.881104e+01
5.881104e+01
5.880665e+01
5.879227e+01
5.878363e+01
5.878363e+01
5.878363e+01
5.878363e+01
5.878363e+01
5.877804e+01
5.877804e+01
5.877804e+01
5.877804e+01
5.877804e+01
5.877578e+01
5.877578e+01
5.877423e+01
5.876436e+01
5.876436e+01
5.876365e+01
5.876365e+01
5.876131e+01
5.875740e+01
5.875622e+01
5.875622e+01
5.875570e+01
5.875457e+01
5.874557e+01
5.874557e+01
5.874544e+01
5.874544e+01
5.874363e+01
5.873866e+01
5.873866e+01
5.873433e+01
5.873433e+01
5.873072e+01
5.873072e+01
5.873072e+01
5.872492e+01
5.872492e+01
5.872492e+01
5.872276e+01
5.872276e+01
5.871855e+01
5.871855e+01
5.871405e+01
5.871405e+01
5.871405e+01
5.871083e+01
5.870779e+01
5.870779e+01
5.870779e+01
5.870589e+01
5.870311e+01
5.870128e+01
5.870128e+01
5.870078e+01
5.869771e+01
5.869771e+01
5.869675e+01
5.869522e+01
5.869445e+01
5.869445e+01
5.868906e+01
5.868906e+01
5.868906e+01
5.868906e+01
5.868677e+01
5.868610e+01
5.868610e+01
5.868456e+01
5.868426e+01
5.868269e+01
5.868269e+01
5.868244e+01
5.868244e+01
5.867951e+01
5.867851e+01
5.867567e+01
5.867567e+01
5.867567e+01
5.867567e+01
5.867567e+01
5.867567e+01
5.867567e+01
5.867556e+01
5.867556e+01
5.867556e+01
5.867502e+01
5.867292e+01
5.867170e+01
5.867170e+01
5.867068e+01
5.867068e+01
5.866983e+01
5.866983e+01
5.866900e+01
5.866823e+01
5.866823e+01
5.866771e+01
5.866771e+01
5.866722e+01
5.866722e+01
5.866572e+01
5.866393e+01
5.866313e+01
5.866313e+01
5.866226e+01
5.866126e+01
5.865906e+01
5.865906e+01
5.865906e+01
5.865906e+01
5.865888e+01
5.865771e+01
5.865771e+01
5.865720e+01
5.865616e+01
5.865453e+01
5.865453e+01
5.865386e+01
5.865363e+01
5.865257e+01
5.865257e+01
5.865150e+01
5.865142e+01
5.865142e+01
5.865086e+01
5.865086e+01
5.865074e+01
5.865058e+01
5.864904e+01
5.864904e+01
5.864904e+01
5.864904e+01
5.864904e+01
5.864821e+01
5.864671e+01
5.864671e+01
5.864671e+01
5.864558e+01
5.864558e+01
5.864537e+01
5.864537e+01
5.864498e+01
5.864498e+01
5.864330e+01
5.864330e+01
5.864330e+01
5.864330e+01
5.864280e+01
5.864055e+01
5.864055e+01
5.864009e+01
5.864009e+01
5.863933e+01
5.863872e+01
5.863872e+01
5.863621e+01
5.863597e+01
5.863415e+01
5.863315e+01
5.863226e+01
5.863178e+01
5.863178e+01
5.863146e+01
5.862933e+01
5.862933e+01
5.862786e+01
5.862748e+01
5.862611e+01
5.862462e+01
5.862367e+01
5.862139e+01
5.862079e+01
5.862023e+01
5.861813e+01
5.861805e+01
5.861805e+01
5.861805e+01
5.861488e+01
5.861464e+01
5.861379e+01
5.861119e+01
5.861051e+01
5.861051e+01
5.860504e+01
5.860504e+01
5.860401e+01
5.860401e+01
5.860325e+01
5.860125e+01
5.859899e+01
5.859677e+01
5.859597e+01
5.859234e+01
5.858780e+01
5.858780e+01
5.858629e+01
5.858247e+01
5.857907e+01
5.857015e+01
5.857015e+01
5.857015e+01
5.856805e+01
5.856805e+01
5.856676e+01
5.855520e+01
5.855520e+01
5.855520e+01
5.855520e+01
5.855464e+01
5.854951e+01
5.854951e+01
5.854845e+01
5.854841e+01
5.854200e+01
5.854091e+01
5.853880e+01
5.853388e+01
5.852597e+01
5.852285e+01
5.851915e+01
5.851490e+01
5.850741e+01
5.850228e+01
5.850228e+01
5.848722e+01
5.848722e+01
5.846799e+01
5.846799e+01
5.846799e+01
5.846799e+01
5.845298e+01
5.843176e+01
5.843176e+01
5.843176e+01
5.843155e+01
5.841505e+01
5.841505e+01
5.840915e+01
5.840915e+01
5.836494e+01
5.836494e+01
5.835812e+01
5.834109e+01
5.833687e+01
5.833165e+01
5.833165e+01
5.833165e+01
5.832508e+01
5.832508e+01
5.832508e+01
5.831826e+01
5.831021e+01
5.830448e+01
5.828421e+01
5.824250e+01
5.821870e+01
5.816328e+01
5.813530e+01
5.812328e+01
5.810854e+01
5.810854e+01
5.807738e+01
5.802668e+01
5.801968e+01
5.800557e+01
5.796422e+01
5.793498e+01
5.793498e+01
5.784743e+01
5.784743e+01
5.783979e+01
5.783979e+01
5.783979e+01
5.778844e+01
5.778844e+01
5.778844e+01
5.778844e+01
5.775788e+01
5.771011e+01
5.771011e+01
5.768901e+01
5.768901e+01
5.768901e+01
5.765589e+01
5.765589e+01
5.765589e+01
5.764523e+01
5.764523e+01
5.764523e+01
5.764523e+01
5.764523e+01
5.760507e+01
5.760507e+01
5.760507e+01
5.760507e+01
5.760507e+01
5.755279e+01
5.755279e+01
5.755279e+01
5.755279e+01
5.755279e+01
5.755279e+01
5.755279e+01
5.755279e+01
5.755279e+01
5.753005e+01
5.753005e+01
5.753005e+01
5.753005e+01
5.751075e+01
5.749730e+01
5.749296e+01
5.747783e+01
5.745873e+01
5.745873e+01
5.744755e+01
5.744755e+01
5.744755e+01
5.743933e+01
5.743933e+01
5.743212e+01
5.742708e+01
5.742708e+01
5.740934e+01
5.739949e+01
5.737771e+01
5.737149e+01
5.734965e+01
5.734095e+01
5.730471e+01
5.730471e+01
5.730471e+01
5.730471e+01
5.730471e+01
5.730471e+01
5.730471e+01
5.729676e+01
5.729172e+01
5.729172e+01
5.729172e+01
5.727322e+01
5.727322e+01
5.727322e+01
5.725902e+01
5.725638e+01
5.725638e+01
5.725290e+01
5.724456e+01
5.723392e+01
5.722757e+01
5.719438e+01
5.719397e+01
5.719397e+01
5.719010e+01
5.717867e+01
5.717597e+01
5.717556e+01
5.717556e+01
5.716414e+01
5.716414e+01
5.716414e+01
5.716127e+01
5.714859e+01
5.712839e+01
5.712839e+01
5.712839e+01
5.712839e+01
5.711047e+01
5.710694e+01
5.710694e+01
5.709800e+01
5.709800e+01
5.708979e+01
5.708979e+01
5.708912e+01
5.706688e+01
5.706567e+01
5.706567e+01
5.706567e+01
5.706567e+01
5.706567e+01
5.706567e+01
5.704748e+01
5.703453e+01
5.703453e+01
5.703453e+01
5.702859e+01
5.701357e+01
5.701357e+01
5.701296e+01
5.701296e+01
5.700385e+01
5.700385e+01
5.699908e+01
5.699681e+01
5.699681e+01
5.699607e+01
5.698965e+01
5.697445e+01
5.697445e+01
5.697445e+01
5.696571e+01
5.696571e+01
5.695349e+01
5.692931e+01
5.692931e+01
5.692192e+01
5.692035e+01
5.690525e+01
5.690426e+01
5.690237e+01
5.689764e+01
5.688791e+01
5.688791e+01
5.688464e+01
5.686600e+01
5.686600e+01
5.686064e+01
5.686064e+01
5.685266e+01
5.684838e+01
5.684838e+01
5.684838e+01
5.684136e+01
5.684136e+01
5.684136e+01
5.683711e+01
5.682553e+01
5.681916e+01
5.681627e+01
5.681563e+01
5.681075e+01
5.680668e+01
5.679777e+01
5.678946e+01
5.678361e+01
5.678361e+01
5.678003e+01
5.678003e+01
5.678003e+01
5.677578e+01
5.676698e+01
5.676698e+01
5.676698e+01
5.674724e+01
5.674724e+01
5.674724e+01
5.674724e+01
5.673963e+01
5.673372e+01
5.672795e+01
5.671543e+01
5.670867e+01
5.670513e+01
5.670513e+01
5.670398e+01
5.669047e+01
5.669047e+01
5.668360e+01
5.665749e+01
5.665749e+01
5.665273e+01
5.664875e+01
5.664875e+01
5.661898e+01
5.661047e+01
5.661047e+01
5.661047e+01
5.660884e+01
5.660001e+01
5.660001e+01
5.658023e+01
5.658023e+01
5.658023e+01
5.655109e+01
5.655109e+01
5.655095e+01
5.654901e+01
5.654259e+01
5.654000e+01
5.652415e+01
5.652330e+01
5.651816e+01
5.651606e+01
5.651578e+01
5.651490e+01
5.651021e+01
5.650649e+01
5.649964e+01
5.649964e+01
5.649219e+01
5.649219e+01
5.649188e+01
5.648858e+01
5.648858e+01
5.648858e+01
5.648202e+01
5.647999e+01
5.647999e+01
5.647852e+01
5.647852e+01
5.646243e+01
5.645571e+01
5.645132e+01
5.645132e+01
5.644712e+01
5.644712e+01
5.644712e+01
5.644712e+01
5.644712e+01
5.643894e+01
5.643894e+01
5.643894e+01
5.643468e+01
5.643179e+01
5.643179e+01
5.643179e+01
5.642061e+01
5.642061e+01
5.641751e+01
5.640908e+01
5.640908e+01
5.640691e+01
5.639828e+01
5.639444e+01
5.639444e+01
5.639444e+01
5.639060e+01
5.637913e+01
5.637913e+01
5.637833e+01
5.637833e+01
5.636932e+01
5.636505e+01
5.636505e+01
5.635446e+01
5.635446e+01
5.635446e+01
5.635446e+01
5.635446e+01
5.635446e+01
5.635446e+01
5.635227e+01
5.635227e+01
5.634330e+01
5.634330e+01
5.634330e+01
5.634172e+01
5.633753e+01
5.632911e+01
5.632655e+01
5.632257e+01
5.631991e+01
5.631636e+01
5.630942e+01
5.630455e+01
5.629956e+01
5.629956e+01
5.629956e+01
5.628912e+01
5.627789e+01
5.627623e+01
5.625070e+01
5.625065e+01
5.625065e+01
5.625065e+01
5.624307e+01
5.622514e+01
5.622514e+01
5.622104e+01
5.621639e+01
5.620434e+01
5.618731e+01
5.616806e+01
5.616569e+01
5.615971e+01
5.615971e+01
5.615971e+01
5.615507e+01
5.614411e+01
5.614300e+01
5.614300e+01
5.613033e+01
5.612741e+01
5.612100e+01
5.611513e+01
5.610870e+01
5.610870e+01
5.610870e+01
5.610135e+01
5.610124e+01
5.609379e+01
5.609379e+01
5.608094e+01
5.608094e+01
5.607312e+01
5.603842e+01
5.603842e+01
5.603842e+01
5.603842e+01
5.603842e+01
5.603842e+01
5.602741e+01
5.602741e+01
5.602711e+01
5.601600e+01
5.600584e+01
5.600584e+01
5.600584e+01
5.600498e+01
5.600157e+01
5.597433e+01
5.597433e+01
5.597433e+01
5.597165e+01
5.596161e+01
5.596161e+01
5.596161e+01
5.595527e+01
5.595459e+01
5.595065e+01
5.593962e+01
5.593962e+01
5.593962e+01
5.593962e+01
5.591669e+01
5.591669e+01
5.591530e+01
5.591095e+01
5.590488e+01
5.589474e+01
5.589474e+01
5.589005e+01
5.588785e+01
5.588126e+01
5.587795e+01
5.587072e+01
5.587072e+01
5.586510e+01
5.585767e+01
5.584118e+01
5.583533e+01
5.583533e+01
5.583533e+01
5.583533e+01
5.583366e+01
5.582737e+01
5.580429e+01
5.579452e+01
5.579184e+01
5.579184e+01
5.577451e+01
5.577451e+01
5.577451e+01
5.577451e+01
5.577451e+01
5.576638e+01
5.576638e+01
5.574868e+01
5.574868e+01
5.573460e+01
5.573460e+01
5.573408e+01
5.573224e+01
5.573193e+01
5.573193e+01
5.573193e+01
5.572009e+01
5.571229e+01
5.571229e+01
5.569568e+01
5.569568e+01
5.569568e+01
5.569568e+01
5.568499e+01
5.568159e+01
5.568159e+01
5.568159e+01
5.568159e+01
5.567497e+01
5.566503e+01
5.566503e+01
5.566503e+01
5.565653e+01
5.565650e+01
5.565650e+01
5.565160e+01
5.564580e+01
5.564580e+01
5.563779e+01
5.562401e+01
5.562401e+01
5.562401e+01
5.561738e+01
5.561109e+01
5.561109e+01
5.561066e+01
5.561066e+01
5.560485e+01
5.560180e+01
5.559846e+01
5.559846e+01
5.559205e+01
5.558610e+01
5.558509e+01
5.557756e+01
5.557756e+01
5.557740e+01
5.557740e+01
5.557653e+01
5.557252e+01
5.556627e+01
5.556627e+01
5.556627e+01
5.556319e+01
5.556319e+01
5.556319e+01
5.556319e+01
5.555594e+01
5.555594e+01
5.554306e+01
5.554306e+01
5.554306e+01
5.554077e+01
5.552919e+01
5.552919e+01
5.552919e+01
5.552919e+01
5.552804e+01
5.552384e+01
5.551930e+01
5.550784e+01
5.550784e+01
5.550434e+01
5.550434e+01
5.550434e+01
5.550399e+01
5.549231e+01
5.549231e+01
5.548771e+01
5.548771e+01
5.548289e+01
5.547768e+01
5.547657e+01
5.547223e+01
5.547140e+01
5.546678e+01
5.546522e+01
5.545685e+01
5.545533e+01
5.545490e+01
5.545490e+01
5.545490e+01
5.545331e+01
5.545331e+01
5.544508e+01
5.544508e+01
5.544237e+01
5.543922e+01
5.543922e+01
5.543922e+01
5.543909e+01
5.543729e+01
5.543380e+01
5.543380e+01
5.542749e+01
5.542331e+01
5.542331e+01
5.542331e+01
5.542225e+01
5.541405e+01
5.541405e+01
5.541361e+01
5.540884e+01
5.540427e+01
5.540427e+01
5.540379e+01
5.539757e+01
5.539495e+01
5.539397e+01
5.539250e+01
5.538689e+01
5.538409e+01
5.538201e+01
5.538009e+01
5.536888e+01
5.536888e+01
5.536888e+01
5.536888e+01
5.536888e+01
5.536760e+01
5.535797e+01
5.535797e+01
5.535354e+01
5.535354e+01
5.535079e+01
5.534744e+01
5.534054e+01
5.534054e+01
5.533422e+01
5.533422e+01
5.533422e+01
5.533335e+01
5.532865e+01
5.532235e+01
5.532235e+01
5.531278e+01
5.531278e+01
5.531278e+01
5.531278e+01
5.531166e+01
5.531027e+01
5.531027e+01
5.531027e+01
5.531025e+01
5.530591e+01
5.529653e+01
5.529419e+01
5.529419e+01
5.528827e+01
