3.129097e+04
1.814129e+04
1.814129e+04
1.814129e+04
1.814129e+04
1.814129e+04
1.814129e+04
1.814129e+04
1.814129e+04
1.814129e+04
1.814129e+04
1.814129e+04
1.464738e+04
1.265238e+04
1.265238e+04
1.265238e+04
9.946124e+03
9.946124e+03
9.946124e+03
9.946124e+03
9.946124e+03
8.559947e+03
8.559947e+03
8.559947e+03
8.559947e+03
4.794735e+03
4.794735e+03
4.794735e+03
4.794735e+03
4.794735e+03
4.383780e+03
4.383780e+03
4.383780e+03
4.383780e+03
4.383780e+03
4.383780e+03
4.156903e+03
3.488213e+03
3.488213e+03
3.488213e+03
3.488213e+03
3.488213e+03
3.437206e+03
3.437206e+03
3.437206e+03
3.437206e+03
3.437206e+03
3.424989e+03
3.424989e+03
2.681167e+03
2.681167e+03
2.681167e+03
2.681167e+03
2.681167e+03
2.353302e+03
2.353302e+03
1.730969e+03
1.730969e+03
1.730969e+03
1.527553e+03
1.527553e+03
1.527553e+03
9.755369e+02
9.755369e+02
9.755369e+02
8.296585e+02
8.296585e+02
8.296585e+02
8.296585e+02
8.296585e+02
8.296585e+02
8.296585e+02
8.296585e+02
8.296585e+02
8.296585e+02
8.296585e+02
8.296585e+02
8.123526e+02
7.085440e+02
7.085440e+02
3.675576e+02
3.675576e+02
3.675576e+02
3.675576e+02
3.675576e+02
3.675576e+02
3.675576e+02
3.675576e+02
3.675576e+02
3.452872e+02
3.452872e+02
2.921246e+02
2.921246e+02
2.651173e+02
2.651173e+02
2.432560e+02
2.432560e+02
2.432560e+02
2.142025e+02
2.142025e+02
1.753798e+02
1.753798e+02
1.753798e+02
1.501166e+02
1.501166e+02
1.501166e+02
1.501166e+02
1.501166e+02
1.456834e+02
1.383874e+02
1.365908e+02
1.282359e+02
7.796105e+01
7.796105e+01
7.796105e+01
7.796105e+01
7.796105e+01
7.796105e+01
7.796105e+01
7.796105e+01
7.796105e+01
7.796105e+01
6.877610e+01
6.085788e+01
6.085788e+01
6.085788e+01
5.922201e+01
5.922201e+01
5.827240e+01
5.827240e+01
5.590982e+01
4.672416e+01
4.672416e+01
4.672416e+01
4.672416e+01
3.645213e+01
3.645213e+01
3.645213e+01
3.394102e+01
3.394102e+01
3.386792e+01
2.763344e+01
1.772134e+01
1.772134e+01
1.772134e+01
1.772134e+01
1.772134e+01
1.772134e+01
1.772134e+01
1.449821e+01
1.449821e+01
1.449821e+01
1.449821e+01
1.423136e+01
1.369167e+01
1.197741e+01
1.197741e+01
1.175949e+01
8.330765e+00
8.330765e+00
8.330765e+00
8.330765e+00
8.330765e+00
7.447912e+00
7.447912e+00
7.447912e+00
7.145707e+00
7.145707e+00
7.145707e+00
6.705258e+00
6.285424e+00
6.285424e+00
6.192816e+00
5.635909e+00
3.986666e+00
2.393689e+00
2.393689e+00
2.393689e+00
2.393689e+00
2.393689e+00
2.393689e+00
2.393689e+00
2.393689e+00
2.393689e+00
2.393689e+00
2.393689e+00
1.611665e+00
1.611665e+00
1.611665e+00
1.611665e+00
1.611665e+00
1.611665e+00
1.611665e+00
1.611665e+00
1.609109e+00
1.609109e+00
1.609109e+00
1.332161e+00
1.332161e+00
1.332161e+00
1.332161e+00
1.301064e+00
1.301064e+00
1.028268e+00
9.912341e-01
9.912341e-01
9.912341e-01
9.912341e-01
9.792207e-01
9.774946e-01
9.481563e-01
4.796264e-01
4.796264e-01
4.796264e-01
4.796264e-01
4.796264e-01
4.796264e-01
4.796264e-01
4.657998e-01
4.456428e-01
4.137518e-01
3.467599e-01
3.467599e-01
3.467599e-01
3.266438e-01
2.713530e-01
2.713530e-01
2.713530e-01
1.640618e-01
1.640618e-01
1.640618e-01
1.640618e-01
1.640618e-01
1.640618e-01
1.640618e-01
1.638086e-01
1.394899e-01
1.394899e-01
1.394899e-01
1.394899e-01
1.150519e-01
1.150519e-01
8.978893e-02
8.978893e-02
8.978893e-02
8.978893e-02
8.978893e-02
8.978893e-02
8.783688e-02
4.898088e-02
4.898088e-02
4.898088e-02
4.898088e-02
4.898088e-02
4.898088e-02
4.898088e-02
4.898088e-02
4.898088e-02
4.898088e-02
4.898088e-02
4.837171e-02
4.837171e-02
4.587757e-02
4.587757e-02
4.587757e-02
4.104066e-02
4.104066e-02
3.140016e-02
3.140016e-02
2.944641e-02
2.398487e-02
2.230689e-02
2.230689e-02
2.230689e-02
2.230689e-02
2.164354e-02
1.559998e-02
1.559998e-02
1.559998e-02
1.559998e-02
1.419854e-02
1.419854e-02
1.419854e-02
1.419854e-02
1.387285e-02
1.387285e-02
1.011178e-02
1.011178e-02
1.011178e-02
1.011178e-02
1.011178e-02
8.787431e-03
8.787431e-03
8.787431e-03
8.059826e-03
8.059826e-03
8.059826e-03
7.447321e-03
7.447321e-03
7.447321e-03
6.341461e-03
4.217787e-03
4.217787e-03
4.217787e-03
4.217787e-03
4.217787e-03
3.342532e-03
2.599503e-03
2.599503e-03
2.599503e-03
2.599503e-03
2.544638e-03
2.544638e-03
2.544638e-03
1.935759e-03
1.935759e-03
1.935759e-03
1.935759e-03
1.935759e-03
1.935759e-03
1.935759e-03
1.880412e-03
1.880412e-03
1.691799e-03
1.691799e-03
1.383823e-03
1.383823e-03
1.383823e-03
1.226770e-03
1.226770e-03
1.226770e-03
1.150544e-03
1.026596e-03
1.026596e-03
1.004190e-03
8.261676e-04
8.261676e-04
8.261676e-04
8.261676e-04
5.728559e-04
5.728559e-04
5.728559e-04
5.728559e-04
5.728559e-04
5.521060e-04
5.521060e-04
5.521060e-04
4.983379e-04
4.983379e-04
3.925070e-04
3.775843e-04
3.775843e-04
3.413202e-04
3.413202e-04
3.021120e-04
3.021120e-04
2.669004e-04
2.222550e-04
2.222550e-04
2.222550e-04
2.222550e-04
1.979104e-04
1.979104e-04
1.949792e-04
1.868137e-04
1.828914e-04
1.063265e-04
1.063265e-04
1.063265e-04
1.050722e-04
1.050722e-04
9.581953e-05
5.824136e-05
5.824136e-05
5.824136e-05
5.824136e-05
5.824136e-05
4.514192e-05
4.514192e-05
4.514192e-05
4.514192e-05
3.422840e-05
3.422840e-05
3.422840e-05
3.422840e-05
3.422840e-05
3.422840e-05
3.422840e-05
3.422840e-05
3.024098e-05
3.024098e-05
3.024098e-05
3.024098e-05
2.680154e-05
2.680154e-05
1.868194e-05
1.868194e-05
1.868194e-05
1.807294e-05
1.807294e-05
1.721929e-05
1.636555e-05
1.563945e-05
8.801732e-06
8.801732e-06
8.801732e-06
8.801732e-06
8.801732e-06
8.801732e-06
8.801732e-06
8.801732e-06
5.634426e-06
5.634426e-06
5.634426e-06
5.634426e-06
5.634426e-06
5.634426e-06
5.634426e-06
5.634426e-06
5.634426e-06
3.982832e-06
3.982832e-06
2.525723e-06
2.163036e-06
2.163036e-06
2.163036e-06
2.163036e-06
2.163036e-06
2.163036e-06
2.163036e-06
2.163036e-06
2.163036e-06
2.163036e-06
2.011471e-06
2.011471e-06
2.011471e-06
1.947041e-06
1.947041e-06
1.947041e-06
1.898746e-06
1.548729e-06
1.540346e-06
1.477426e-06
7.430621e-07
7.430621e-07
7.430621e-07
7.430621e-07
7.430621e-07
7.430621e-07
6.566463e-07
6.566463e-07
6.566463e-07
6.566463e-07
6.566463e-07
4.218965e-07
4.218965e-07
4.218965e-07
4.218965e-07
4.218965e-07
4.218965e-07
4.218965e-07
4.218965e-07
4.218965e-07
4.218965e-07
3.537858e-07
2.930422e-07
2.930422e-07
2.930422e-07
2.745775e-07
2.745775e-07
2.402650e-07
2.402650e-07
1.590615e-07
1.590615e-07
1.590615e-07
1.590615e-07
1.590615e-07
1.590615e-07
1.590615e-07
1.246819e-07
1.246819e-07
1.246819e-07
1.159914e-07
1.159914e-07
1.097961e-07
8.657260e-08
8.657260e-08
8.657260e-08
8.657260e-08
8.657260e-08
8.657260e-08
8.657260e-08
8.610354e-08
8.567689e-08
8.030967e-08
6.852932e-08
6.852932e-08
6.099206e-08
5.137989e-08
5.137989e-08
5.137989e-08
5.137989e-08
5.137989e-08
5.137989e-08
5.086817e-08
3.856588e-08
3.803203e-08
3.342962e-08
2.721227e-08
2.085547e-08
2.085547e-08
2.085547e-08
2.085547e-08
2.085547e-08
9.506388e-09
9.506388e-09
9.506388e-09
9.506388e-09
9.506388e-09
9.506388e-09
9.506388e-09
9.506388e-09
9.506388e-09
9.506388e-09
9.327712e-09
9.327712e-09
9.327712e-09
9.327712e-09
9.327712e-09
8.495285e-09
8.011596e-09
8.011596e-09
8.011596e-09
8.011596e-09
6.924198e-09
6.924198e-09
6.406924e-09
4.527160e-09
4.527160e-09
4.527160e-09
4.125240e-09
4.125240e-09
4.125240e-09
4.125240e-09
4.125240e-09
3.105951e-09
3.105951e-09
3.105951e-09
3.105951e-09
2.388451e-09
2.388451e-09
2.388451e-09
2.388451e-09
2.388451e-09
2.379684e-09
2.176157e-09
2.176157e-09
1.964828e-09
1.964828e-09
1.465194e-09
1.465194e-09
1.465194e-09
1.453841e-09
1.453841e-09
1.453841e-09
1.239440e-09
1.239440e-09
1.239440e-09
1.007310e-09
9.526719e-10
7.537373e-10
7.537373e-10
7.537373e-10
7.348958e-10
7.348958e-10
4.975711e-10
4.292676e-10
4.292676e-10
4.292676e-10
4.292676e-10
4.292676e-10
4.292676e-10
4.078639e-10
4.078639e-10
4.078639e-10
3.209044e-10
3.209044e-10
3.067467e-10
3.067467e-10
3.067467e-10
3.067467e-10
3.067467e-10
2.523964e-10
2.396263e-10
2.396263e-10
2.317780e-10
1.947842e-10
1.947842e-10
1.947842e-10
1.787396e-10
9.587912e-11
9.587912e-11
9.587912e-11
9.587912e-11
9.587912e-11
9.587912e-11
9.587912e-11
9.587912e-11
9.587912e-11
9.587912e-11
8.046419e-11
7.836024e-11
7.497614e-11
7.497614e-11
7.497614e-11
7.497614e-11
7.497614e-11
7.497614e-11
6.273983e-11
6.273983e-11
5.585287e-11
5.099867e-11
4.971204e-11
4.465682e-11
4.465682e-11
4.238332e-11
3.677294e-11
3.677294e-11
3.677294e-11
2.490542e-11
2.490542e-11
2.490542e-11
2.490542e-11
2.258124e-11
2.258124e-11
2.258124e-11
2.258124e-11
2.258124e-11
2.258124e-11
1.929550e-11
1.929550e-11
1.859119e-11
1.859119e-11
1.444376e-11
1.341487e-11
1.341487e-11
1.339303e-11
1.188437e-11
9.600459e-12
9.600459e-12
9.600459e-12
9.600459e-12
9.139152e-12
9.024769e-12
8.711416e-12
8.498347e-12
8.498347e-12
6.871351e-12
6.871351e-12
6.871351e-12
6.343607e-12
6.119420e-12
4.058021e-12
4.058021e-12
4.058021e-12
4.058021e-12
4.058021e-12
4.058021e-12
3.983125e-12
3.983125e-12
3.983125e-12
3.626166e-12
2.635979e-12
2.635979e-12
2.504444e-12
2.504444e-12
2.504444e-12
2.504444e-12
2.305325e-12
2.051269e-12
1.741416e-12
1.520823e-12
1.520823e-12
1.520823e-12
1.520823e-12
1.520823e-12
1.029905e-12
1.029905e-12
8.146707e-13
8.146707e-13
8.146707e-13
8.146707e-13
8.146707e-13
8.146707e-13
7.864156e-13
7.864156e-13
7.864156e-13
7.864156e-13
7.864156e-13
6.456499e-13
5.347351e-13
5.347351e-13
5.347351e-13
5.347351e-13
4.800785e-13
4.800785e-13
4.800785e-13
4.463466e-13
4.463466e-13
4.014662e-13
3.805120e-13
3.106889e-13
1.969736e-13
1.969736e-13
1.969736e-13
1.969736e-13
1.969736e-13
1.787654e-13
1.349386e-13
1.349386e-13
1.349386e-13
1.349386e-13
1.349386e-13
1.330336e-13
1.106795e-13
1.106795e-13
1.106795e-13
5.287354e-14
5.287354e-14
5.287354e-14
5.287354e-14
5.287354e-14
5.287354e-14
5.287354e-14
5.287354e-14
4.623968e-14
4.623968e-14
4.232110e-14
4.232110e-14
4.232110e-14
4.232110e-14
3.711189e-14
3.711189e-14
3.711189e-14
3.326047e-14
3.326047e-14
3.326047e-14
2.349910e-14
1.718961e-14
1.188493e-14
1.188493e-14
1.188493e-14
1.188493e-14
1.188493e-14
1.188493e-14
1.188493e-14
1.188493e-14
1.188493e-14
1.188493e-14
1.188493e-14
1.188493e-14
1.188493e-14
1.188493e-14
1.188493e-14
1.188493e-14
9.275977e-15
9.275977e-15
9.275977e-15
9.275977e-15
8.930029e-15
6.567197e-15
6.567197e-15
6.567197e-15
6.567197e-15
6.567197e-15
6.567197e-15
6.567197e-15
6.567197e-15
6.567197e-15
6.567197e-15
6.567197e-15
4.471733e-15
4.471733e-15
4.471733e-15
4.471733e-15
4.471733e-15
3.632184e-15
3.632184e-15
3.632184e-15
3.632184e-15
3.632184e-15
3.230041e-15
2.523580e-15
2.348067e-15
2.348067e-15
2.348067e-15
2.348067e-15
1.451025e-15
1.451025e-15
1.451025e-15
1.451025e-15
1.451025e-15
1.451025e-15
1.451025e-15
1.451025e-15
1.274927e-15
1.179989e-15
1.179989e-15
1.001541e-15
1.001541e-15
1.001541e-15
5.667537e-16
5.667537e-16
5.667537e-16
5.667537e-16
5.667537e-16
5.667537e-16
5.667537e-16
5.667537e-16
5.616583e-16
5.421177e-16
4.716366e-16
3.190222e-16
3.190222e-16
3.190222e-16
3.190222e-16
3.190222e-16
3.190222e-16
2.286780e-16
2.286780e-16
2.286780e-16
2.286780e-16
2.286780e-16
2.286780e-16
2.215924e-16
2.215924e-16
2.215924e-16
1.747745e-16
1.747745e-16
1.747745e-16
1.747745e-16
1.362032e-16
1.362032e-16
1.362032e-16
1.362032e-16
1.362032e-16
1.362032e-16
1.238554e-16
1.101655e-16
1.079040e-16
8.752067e+04
7.828915e+04
6.986150e+04
6.196420e+04
6.049056e+04
6.049056e+04
6.049056e+04
5.544940e+04
5.003559e+04
4.438814e+04
4.438814e+04
4.438814e+04
4.242232e+04
4.242232e+04
3.269062e+04
3.269062e+04
3.269062e+04
3.269062e+04
3.269062e+04
3.269062e+04
3.030473e+04
2.397314e+04
2.397314e+04
2.397314e+04
2.397314e+04
2.397314e+04
2.397314e+04
2.285892e+04
2.285892e+04
2.285892e+04
2.213411e+04
2.213411e+04
1.802968e+04
1.609754e+04
1.609754e+04
1.379563e+04
1.379563e+04
1.379563e+04
1.379563e+04
1.327951e+04
1.233550e+04
1.233550e+04
1.233550e+04
1.233550e+04
1.188935e+04
1.003392e+04
9.591996e+03
9.591996e+03
9.591996e+03
9.591996e+03
9.447205e+03
8.988710e+03
8.988710e+03
6.419346e+03
6.419346e+03
6.419346e+03
6.419346e+03
6.419346e+03
6.419346e+03
6.016617e+03
6.016617e+03
6.016617e+03
6.016617e+03
6.016617e+03
6.016617e+03
6.016617e+03
6.016617e+03
5.688452e+03
5.483703e+03
3.899800e+03
3.899800e+03
3.899800e+03
3.899800e+03
3.899800e+03
3.388645e+03
3.388645e+03
3.388645e+03
3.388645e+03
3.388645e+03
3.388645e+03
3.388645e+03
3.042858e+03
3.042858e+03
2.868211e+03
2.868211e+03
2.868211e+03
2.868211e+03
2.868211e+03
2.868211e+03
2.636596e+03
2.636596e+03
2.145827e+03
2.145827e+03
2.145827e+03
2.145827e+03
1.714020e+03
1.714020e+03
1.714020e+03
1.678240e+03
1.623339e+03
1.623339e+03
1.623339e+03
1.623339e+03
1.560833e+03
1.424118e+03
1.251492e+03
1.251492e+03
1.251492e+03
1.066381e+03
1.066381e+03
1.066381e+03
1.066381e+03
1.066381e+03
1.066381e+03
1.066381e+03
1.066381e+03
1.066381e+03
1.066381e+03
9.533152e+02
9.533152e+02
9.533152e+02
9.521863e+02
8.469872e+02
7.644642e+02
7.644642e+02
7.644642e+02
7.644642e+02
7.644642e+02
7.543487e+02
6.922246e+02
6.554422e+02
6.554422e+02
6.554422e+02
6.554422e+02
5.755276e+02
5.755276e+02
5.609957e+02
5.609957e+02
5.441338e+02
5.441338e+02
5.329231e+02
4.934098e+02
4.563609e+02
4.563609e+02
4.422600e+02
4.174933e+02
4.045066e+02
4.045066e+02
3.828262e+02
3.828262e+02
3.450310e+02
3.450310e+02
3.450310e+02
3.450310e+02
3.033398e+02
3.033398e+02
3.033398e+02
2.577820e+02
2.400665e+02
2.400665e+02
2.400665e+02
2.400665e+02
2.400665e+02
2.146010e+02
2.146010e+02
2.095446e+02
2.095446e+02
1.964468e+02
1.737985e+02
1.650569e+02
1.650569e+02
1.650569e+02
1.650569e+02
1.650569e+02
1.650569e+02
1.528740e+02
1.484184e+02
1.484184e+02
1.269693e+02
1.269693e+02
1.269693e+02
1.269693e+02
9.077821e+01
9.077821e+01
9.077821e+01
9.077821e+01
9.077821e+01
8.663965e+01
8.663965e+01
8.648139e+01
8.552903e+01
8.276111e+01
7.699509e+01
7.699509e+01
7.699509e+01
7.699509e+01
7.699509e+01
6.953058e+01
6.953058e+01
6.502360e+01
6.502360e+01
6.502360e+01
5.703770e+01
5.703770e+01
5.465852e+01
5.465852e+01
5.337246e+01
4.986033e+01
3.821467e+01
3.821467e+01
3.783668e+01
3.783668e+01
3.277138e+01
2.999693e+01
2.999693e+01
2.999693e+01
2.999693e+01
2.999693e+01
2.999693e+01
2.999693e+01
2.999693e+01
2.999693e+01
2.999693e+01
2.825402e+01
2.726675e+01
2.685232e+01
2.436402e+01
2.305662e+01
2.305662e+01
2.155249e+01
2.028217e+01
2.028217e+01
1.649007e+01
1.649007e+01
1.649007e+01
1.649007e+01
1.649007e+01
1.632502e+01
1.614044e+01
1.560299e+01
1.560299e+01
1.560299e+01
1.560299e+01
1.459028e+01
1.392033e+01
1.392033e+01
1.213050e+01
1.213050e+01
1.213050e+01
1.213050e+01
1.213050e+01
1.076374e+01
1.006529e+01
1.006529e+01
9.746437e+00
9.175022e+00
7.843924e+00
6.804921e+00
6.804921e+00
6.506777e+00
6.506777e+00
6.347418e+00
6.347418e+00
5.565065e+00
5.565065e+00
5.565065e+00
5.565065e+00
5.316964e+00
5.063509e+00
5.063509e+00
5.063509e+00
5.063509e+00
4.841594e+00
4.841594e+00
4.714063e+00
4.714063e+00
4.122798e+00
3.801758e+00
3.801758e+00
3.463307e+00
3.042269e+00
3.042269e+00
3.042269e+00
3.042269e+00
3.042269e+00
2.319252e+00
2.319252e+00
2.319252e+00
1.995824e+00
1.995824e+00
1.995824e+00
1.995824e+00
1.995824e+00
1.575102e+00
1.575102e+00
1.575102e+00
1.575102e+00
1.575102e+00
1.575102e+00
1.575102e+00
1.539911e+00
1.539911e+00
1.539911e+00
1.539911e+00
1.401883e+00
1.401883e+00
1.219605e+00
1.219605e+00
1.219605e+00
1.219605e+00
1.219605e+00
1.162511e+00
1.162511e+00
1.017539e+00
1.017539e+00
1.017539e+00
1.017539e+00
1.017539e+00
7.153144e-01
7.153144e-01
7.153144e-01
6.588126e-01
6.588126e-01
6.588126e-01
6.588126e-01
6.588126e-01
6.390623e-01
6.343407e-01
6.343407e-01
5.569472e-01
5.286240e-01
5.286240e-01
5.094112e-01
5.094112e-01
4.920604e-01
4.273985e-01
4.273985e-01
4.273985e-01
3.527441e-01
3.527441e-01
3.527441e-01
3.527441e-01
3.525347e-01
3.484631e-01
3.484631e-01
3.484631e-01
2.678850e-01
2.678850e-01
2.678850e-01
2.678850e-01
2.678850e-01
2.678850e-01
2.536326e-01
2.388700e-01
2.060648e-01
2.060648e-01
2.060648e-01
2.060648e-01
1.953366e-01
1.953366e-01
1.953366e-01
1.855024e-01
1.855024e-01
1.808115e-01
1.808115e-01
1.584077e-01
1.584077e-01
1.372514e-01
1.372514e-01
1.372514e-01
1.372514e-01
1.368309e-01
1.362934e-01
1.362934e-01
1.362934e-01
1.237813e-01
1.128422e-01
9.490276e-02
9.490276e-02
9.340952e-02
9.340952e-02
9.340952e-02
8.059065e-02
8.059065e-02
8.059065e-02
8.059065e-02
7.437958e-02
6.492967e-02
6.492967e-02
6.492967e-02
6.427331e-02
6.427331e-02
6.030002e-02
5.882404e-02
4.713240e-02
4.713240e-02
4.713240e-02
4.127442e-02
4.127442e-02
4.127442e-02
3.638970e-02
3.638970e-02
3.592445e-02
3.592445e-02
3.401478e-02
3.401478e-02
3.401478e-02
3.401162e-02
3.401162e-02
3.266502e-02
3.266502e-02
3.266502e-02
3.266502e-02
2.827963e-02
2.827963e-02
2.727934e-02
2.712494e-02
2.616121e-02
2.564169e-02
2.557578e-02
2.405684e-02
1.842039e-02
1.842039e-02
1.842039e-02
1.842039e-02
1.814574e-02
1.814574e-02
1.814574e-02
1.814574e-02
1.814574e-02
1.814574e-02
1.652701e-02
1.543372e-02
1.543372e-02
1.543372e-02
1.231103e-02
1.222845e-02
1.222845e-02
1.222845e-02
1.222845e-02
1.178945e-02
1.178945e-02
1.178945e-02
1.163223e-02
1.155509e-02
9.812043e-03
9.812043e-03
9.812043e-03
8.623547e-03
8.623547e-03
7.676035e-03
6.698278e-03
6.698278e-03
5.855220e-03
5.843274e-03
5.843274e-03
5.646655e-03
5.122775e-03
5.122775e-03
5.122775e-03
5.122775e-03
4.980832e-03
4.980832e-03
4.623146e-03
4.476827e-03
3.996144e-03
3.996144e-03
3.745432e-03
3.745432e-03
3.745432e-03
3.547846e-03
3.547846e-03
3.280046e-03
2.590082e-03
2.473630e-03
2.401265e-03
2.401265e-03
2.392068e-03
2.392068e-03
2.385991e-03
2.385991e-03
2.272124e-03
1.808684e-03
1.808684e-03
1.628459e-03
1.628459e-03
1.628459e-03
1.628459e-03
1.252533e-03
1.252533e-03
1.252533e-03
1.252533e-03
1.252533e-03
8.336812e-04
8.336812e-04
8.336812e-04
8.336812e-04
8.336812e-04
8.336812e-04
8.336812e-04
8.336812e-04
8.336812e-04
8.336812e-04
8.336812e-04
8.336812e-04
6.817592e-04
6.817592e-04
6.668507e-04
6.140466e-04
6.140466e-04
5.877809e-04
5.877809e-04
5.877809e-04
5.877809e-04
5.182066e-04
5.182066e-04
5.182066e-04
5.182066e-04
4.954443e-04
4.921642e-04
4.921642e-04
4.842048e-04
4.706430e-04
4.180151e-04
4.180151e-04
4.180151e-04
4.166151e-04
3.920965e-04
3.920965e-04
3.734292e-04
3.692238e-04
2.995643e-04
2.995643e-04
2.641789e-04
2.641789e-04
2.641789e-04
2.641789e-04
2.641789e-04
2.543208e-04
2.543208e-04
2.543208e-04
2.289695e-04
2.149744e-04
2.149744e-04
2.149744e-04
2.149744e-04
2.149744e-04
2.125857e-04
1.952816e-04
1.952816e-04
1.564401e-04
1.564401e-04
1.564401e-04
1.513809e-04
1.513809e-04
1.513809e-04
1.513809e-04
1.499569e-04
1.263560e-04
1.263560e-04
1.204376e-04
1.204376e-04
1.204376e-04
1.204376e-04
1.204376e-04
1.198770e-04
1.198770e-04
9.908409e-05
9.908409e-05
9.908409e-05
9.301500e-05
9.061446e-05
9.061446e-05
8.494687e-05
8.494687e-05
8.494687e-05
8.494687e-05
7.822921e-05
7.741751e-05
7.525062e-05
6.876048e-05
6.876048e-05
6.600166e-05
6.057655e-05
6.057655e-05
6.057655e-05
5.770211e-05
5.589953e-05
5.589953e-05
5.589953e-05
5.275176e-05
4.699017e-05
4.289649e-05
4.289649e-05
4.289649e-05
4.289649e-05
4.009705e-05
3.134704e-05
2.795834e-05
2.795834e-05
2.696710e-05
2.696710e-05
2.696710e-05
2.537531e-05
2.436580e-05
2.348240e-05
2.250113e-05
2.113317e-05
2.113317e-05
2.113317e-05
2.002083e-05
1.931219e-05
1.533652e-05
1.533652e-05
1.533652e-05
1.520282e-05
1.443690e-05
1.443690e-05
1.405277e-05
1.338184e-05
1.338184e-05
1.338184e-05
1.287457e-05
1.279086e-05
1.253794e-05
1.101332e-05
1.101332e-05
1.075230e-05
9.547446e-06
9.459073e-06
9.333664e-06
9.333664e-06
8.983642e-06
8.436496e-06
8.034167e-06
7.984935e-06
7.984935e-06
6.957968e-06
6.475814e-06
6.324439e-06
6.324439e-06
5.771681e-06
5.699797e-06
5.129366e-06
5.129366e-06
5.129366e-06
4.905007e-06
4.905007e-06
4.905007e-06
4.905007e-06
4.812866e-06
4.812866e-06
4.812866e-06
4.812866e-06
4.527466e-06
3.892265e-06
3.892265e-06
3.693881e-06
3.693881e-06
3.276773e-06
3.105431e-06
3.105431e-06
3.063464e-06
2.778280e-06
2.544920e-06
2.544920e-06
2.397616e-06
2.397616e-06
2.397616e-06
1.873016e-06
1.873016e-06
1.873016e-06
1.873016e-06
1.873016e-06
1.873016e-06
1.873016e-06
1.754172e-06
1.754172e-06
1.703628e-06
1.566135e-06
1.566135e-06
1.566135e-06
1.371964e-06
1.371964e-06
1.268635e-06
1.222206e-06
1.046841e-06
1.046841e-06
1.046841e-06
1.046841e-06
1.046841e-06
1.046841e-06
1.046841e-06
1.036742e-06
8.958200e-07
8.958200e-07
8.481973e-07
8.481973e-07
8.438423e-07
8.409492e-07
8.409492e-07
8.041743e-07
7.562282e-07
7.491056e-07
6.119139e-07
6.119139e-07
6.119139e-07
5.732763e-07
5.732763e-07
5.732763e-07
5.732763e-07
5.728299e-07
5.728299e-07
5.399136e-07
4.905469e-07
4.404717e-07
4.404717e-07
4.404717e-07
3.360560e-07
3.360560e-07
3.340694e-07
3.340694e-07
3.340694e-07
3.170338e-07
3.091484e-07
3.091484e-07
2.535019e-07
2.535019e-07
2.535019e-07
2.413300e-07
2.413300e-07
1.947078e-07
1.800808e-07
1.800808e-07
1.800808e-07
1.800808e-07
1.427948e-07
1.427948e-07
1.427948e-07
1.427948e-07
1.427948e-07
1.426332e-07
1.426332e-07
1.296282e-07
1.296282e-07
1.296282e-07
1.196712e-07
1.196712e-07
1.170563e-07
1.091715e-07
1.066962e-07
1.010216e-07
9.972955e-08
9.972955e-08
9.194681e-08
8.724508e-08
8.721182e-08
7.498224e-08
7.498224e-08
7.498224e-08
6.226242e-08
6.226242e-08
6.226242e-08
6.226242e-08
6.226242e-08
6.226242e-08
5.888212e-08
5.888212e-08
5.888212e-08
5.448848e-08
4.665095e-08
4.665095e-08
3.833097e-08
3.209909e-08
3.209909e-08
3.209909e-08
3.209909e-08
3.209909e-08
3.209909e-08
3.209909e-08
3.209909e-08
2.664652e-08
2.664652e-08
2.664652e-08
2.664652e-08
2.664652e-08
2.664652e-08
2.664652e-08
2.518188e-08
2.185490e-08
2.185490e-08
2.185490e-08
2.185490e-08
2.185490e-08
2.185490e-08
2.068660e-08
1.933996e-08
1.933996e-08
1.933996e-08
1.933996e-08
1.766010e-08
1.632472e-08
1.161314e-08
1.161314e-08
1.161314e-08
1.104246e-08
1.104246e-08
1.104246e-08
1.020824e-08
1.020824e-08
9.940332e-09
9.940332e-09
9.940332e-09
9.940332e-09
7.969802e-09
7.969802e-09
7.969802e-09
7.883895e-09
7.883895e-09
6.506827e-09
6.506827e-09
5.740877e-09
5.740877e-09
5.740877e-09
5.333106e-09
5.333106e-09
4.045981e-09
4.045981e-09
4.045981e-09
4.045981e-09
4.045981e-09
4.045981e-09
4.041012e-09
3.784539e-09
3.784539e-09
3.649698e-09
3.515118e-09
3.515118e-09
3.152759e-09
3.152759e-09
3.049096e-09
3.003869e-09
3.003869e-09
2.704411e-09
2.704411e-09
2.704411e-09
2.704411e-09
2.704411e-09
2.220394e-09
2.146609e-09
2.146609e-09
2.146609e-09
2.126928e-09
2.053373e-09
2.053373e-09
2.053373e-09
1.825550e-09
1.825550e-09
1.651090e-09
1.554953e-09
1.554953e-09
1.534317e-09
1.379548e-09
1.379548e-09
1.379548e-09
1.379548e-09
1.243784e-09
1.243784e-09
1.103354e-09
1.103354e-09
1.088967e-09
1.026908e-09
9.486406e-10
9.486406e-10
8.159050e-10
8.159050e-10
8.159050e-10
7.356905e-10
7.356905e-10
7.356905e-10
7.332206e-10
6.292529e-10
5.533755e-10
4.628083e-10
4.628083e-10
4.628083e-10
4.628083e-10
4.628083e-10
4.366847e-10
4.250091e-10
4.250091e-10
4.250091e-10
3.710986e-10
3.710986e-10
3.539470e-10
3.539470e-10
2.151709e-10
2.151709e-10
2.151709e-10
2.151709e-10
2.151709e-10
2.151709e-10
2.151709e-10
2.151709e-10
2.151709e-10
2.151709e-10
2.151709e-10
1.783645e-10
1.783645e-10
1.783645e-10
1.783645e-10
1.725099e-10
1.725099e-10
1.725099e-10
1.725099e-10
1.200732e-10
1.200732e-10
1.200732e-10
1.200732e-10
1.200732e-10
1.200732e-10
1.013630e-10
1.013630e-10
1.013630e-10
1.013630e-10
1.013630e-10
1.013630e-10
1.013630e-10
1.013630e-10
1.013630e-10
1.013630e-10
9.304411e-11
8.658385e-11
8.658385e-11
7.622301e-11
7.437845e-11
7.437845e-11
7.437845e-11
6.922869e-11
6.922869e-11
6.444362e-11
6.444362e-11
6.420446e-11
5.826887e-11
5.826887e-11
5.826887e-11
5.826887e-11
5.768022e-11
5.768022e-11
5.768022e-11
5.768022e-11
5.521663e-11
5.521663e-11
4.851482e-11
4.851482e-11
4.851482e-11
4.122790e-11
4.122790e-11
4.122790e-11
4.032200e-11
4.032200e-11
3.790343e-11
3.790343e-11
3.790343e-11
3.109806e-11
3.109806e-11
2.974547e-11
2.855052e-11
2.855052e-11
2.855052e-11
2.759456e-11
2.619113e-11
2.248982e-11
2.248982e-11
2.248982e-11
2.229822e-11
2.037945e-11
1.811235e-11
1.811235e-11
1.811235e-11
1.752018e-11
1.752018e-11
1.752018e-11
1.505103e-11
1.412343e-11
1.311712e-11
1.307561e-11
1.307561e-11
1.307561e-11
1.307561e-11
1.284042e-11
1.176156e-11
1.176156e-11
1.054036e-11
1.054036e-11
1.054036e-11
1.054036e-11
1.054036e-11
1.054036e-11
1.054036e-11
1.052523e-11
1.026965e-11
8.008770e-12
8.008770e-12
8.008770e-12
8.008770e-12
8.008770e-12
8.008770e-12
7.527647e-12
7.527647e-12
7.230532e-12
7.230532e-12
6.555247e-12
6.354834e-12
6.298153e-12
6.298153e-12
5.875392e-12
5.875392e-12
5.875392e-12
5.875392e-12
5.811387e-12
5.545797e-12
4.647676e-12
4.647676e-12
4.647676e-12
4.647676e-12
4.647676e-12
4.354533e-12
4.082183e-12
4.082183e-12
3.588930e-12
3.588930e-12
3.538325e-12
3.505945e-12
3.505945e-12
3.333011e-12
3.333011e-12
3.176672e-12
3.138308e-12
3.098627e-12
2.784487e-12
2.670823e-12
2.654159e-12
2.630137e-12
2.630137e-12
2.630137e-12
2.517802e-12
2.239706e-12
2.191847e-12
2.191847e-12
2.034543e-12
2.007635e-12
1.962174e-12
1.962174e-12
1.884684e-12
1.776428e-12
1.711071e-12
1.711071e-12
1.711071e-12
1.656739e-12
1.656739e-12
1.656739e-12
1.656739e-12
1.598012e-12
1.486733e-12
1.476870e-12
1.460229e-12
1.252123e-12
1.213968e-12
1.079870e-12
1.079870e-12
1.079870e-12
1.079870e-12
1.016435e-12
9.611708e-13
9.035859e-13
9.035859e-13
9.035859e-13
9.035859e-13
9.035859e-13
8.850990e-13
7.990794e-13
7.990794e-13
7.990794e-13
7.298528e-13
7.298528e-13
7.298528e-13
7.298528e-13
7.048111e-13
6.731012e-13
6.731012e-13
6.731012e-13
5.870240e-13
5.870240e-13
5.870240e-13
5.870240e-13
5.314310e-13
5.314310e-13
5.314310e-13
5.314310e-13
5.066914e-13
4.030756e-13
4.030756e-13
4.030756e-13
4.030756e-13
4.030756e-13
4.024067e-13
3.833017e-13
3.550539e-13
3.550539e-13
3.461402e-13
3.229620e-13
2.876443e-13
2.545685e-13
2.545685e-13
2.281657e-13
2.281657e-13
1.918161e-13
1.918161e-13
1.857971e-13
1.857971e-13
1.857971e-13
1.665067e-13
1.665067e-13
1.665067e-13
1.665067e-13
1.507073e-13
1.507073e-13
1.507073e-13
1.180775e-13
1.180775e-13
1.180775e-13
1.180775e-13
1.170899e-13
1.152126e-13
1.117733e-13
1.116272e-13
1.114810e-13
1.060115e-13
1.060115e-13
1.060115e-13
1.016594e-13
8.985486e-14
8.985486e-14
8.668183e-14
8.371064e-14
8.371064e-14
8.371064e-14
8.371064e-14
7.978628e-14
7.978628e-14
7.763757e-14
6.875274e-14
6.875274e-14
6.875274e-14
6.875274e-14
6.875274e-14
6.875274e-14
5.758522e-14
5.624644e-14
4.629068e-14
4.378538e-14
4.360258e-14
4.360258e-14
4.360258e-14
4.360258e-14
4.069058e-14
3.690759e-14
3.690759e-14
3.637921e-14
3.637921e-14
3.496044e-14
3.082961e-14
3.082961e-14
3.082961e-14
2.836033e-14
2.836033e-14
2.807598e-14
2.807598e-14
2.728785e-14
2.728785e-14
2.292880e-14
2.292880e-14
2.292880e-14
1.967797e-14
1.967797e-14
1.967797e-14
1.967797e-14
1.967797e-14
1.572113e-14
1.572113e-14
1.572113e-14
1.438187e-14
1.438187e-14
1.254587e-14
1.254587e-14
1.254587e-14
1.254587e-14
1.254587e-14
1.117242e-14
1.117242e-14
1.117242e-14
1.117242e-14
1.101609e-14
1.101609e-14
1.101609e-14
1.011308e-14
9.328119e-15
9.038702e-15
8.821281e-15
8.821281e-15
8.821281e-15
8.375904e-15
7.272812e-15
6.505064e-15
6.505064e-15
6.505064e-15
6.505064e-15
6.306509e-15
5.541882e-15
5.541882e-15
5.541882e-15
5.301372e-15
4.336146e-15
4.336146e-15
4.336146e-15
4.336146e-15
4.336146e-15
4.336146e-15
4.336146e-15
4.336146e-15
4.336146e-15
3.876371e-15
3.876371e-15
3.876371e-15
3.876371e-15
3.876371e-15
3.876371e-15
3.790183e-15
3.314900e-15
3.314900e-15
2.709095e-15
2.544322e-15
2.544322e-15
2.544322e-15
2.381970e-15
2.364698e-15
2.364698e-15
2.364698e-15
2.364698e-15
2.349212e-15
2.003496e-15
1.924240e-15
1.924240e-15
1.924240e-15
1.752422e-15
1.752422e-15
1.664929e-15
1.664929e-15
1.455458e-15
1.179709e-15
1.179709e-15
1.157954e-15
1.157954e-15
1.044763e-15
1.034215e-15
1.034215e-15
9.277595e-16
7.613920e-16
7.265013e-16
7.265013e-16
7.265013e-16
7.265013e-16
7.265013e-16
7.265013e-16
7.265013e-16
7.265013e-16
5.618445e-16
5.618445e-16
5.382097e-16
5.382097e-16
5.130270e-16
4.810934e-16
4.553035e-16
4.553035e-16
4.553035e-16
4.553035e-16
4.058869e-16
3.639125e-16
3.639125e-16
3.639125e-16
3.639125e-16
3.639125e-16
3.559860e-16
3.559860e-16
3.559860e-16
3.123647e-16
3.123647e-16
3.123647e-16
2.440406e-16
2.440406e-16
2.440406e-16
2.440406e-16
2.440406e-16
2.326487e-16
2.326487e-16
2.326487e-16
2.120827e-16
2.120827e-16
1.815967e-16
1.815967e-16
1.815967e-16
1.815967e-16
1.815967e-16
1.528043e-16
1.391906e-16
1.391906e-16
1.333604e-16
1.333604e-16
1.331370e-16
1.266355e-16
1.082092e-16
1.082092e-16
1.082092e-16
1.082092e-16
1.082092e-16
1.082092e-16
1.082092e-16
1.026918e-16
1.026918e-16
1.026918e-16
9.659654e-17
8.681371e-17
8.681371e-17
8.199666e-17
8.199666e-17
8.096898e-17
6.930226e-17
6.930226e-17
6.930226e-17
6.930226e-17
6.930226e-17
6.737319e-17
6.737319e-17
6.737319e-17
6.465296e-17
6.465296e-17
5.891457e-17
5.891457e-17
5.512842e-17
1.421758e+05
1.228593e+05
8.778165e+04
8.778165e+04
8.778165e+04
8.778165e+04
7.970838e+04
7.970838e+04
6.928019e+04
6.928019e+04
6.928019e+04
6.928019e+04
6.928019e+04
6.928019e+04
6.928019e+04
6.928019e+04
6.928019e+04
6.928019e+04
6.510693e+04
6.471601e+04
6.471601e+04
5.468683e+04
5.409970e+04
4.280075e+04
3.944245e+04
3.426963e+04
3.426963e+04
3.426963e+04
3.426963e+04
3.426963e+04
3.188371e+04
3.188371e+04
3.188371e+04
3.188371e+04
3.188371e+04
2.734950e+04
2.734950e+04
2.432891e+04
2.432891e+04
2.200293e+04
2.200293e+04
2.200293e+04
1.944052e+04
1.944052e+04
1.944052e+04
1.944052e+04
1.944052e+04
1.944052e+04
1.944052e+04
1.944052e+04
1.838092e+04
1.789016e+04
1.484127e+04
1.484127e+04
1.484127e+04
1.484127e+04
1.484127e+04
1.484127e+04
1.484127e+04
1.201964e+04
1.201964e+04
1.201964e+04
1.143353e+04
1.143353e+04
1.011393e+04
1.011393e+04
1.004714e+04
1.004714e+04
9.884759e+03
9.505040e+03
9.219706e+03
9.219706e+03
9.219706e+03
9.219706e+03
7.873508e+03
7.873508e+03
7.873508e+03
7.873508e+03
7.292824e+03
7.292824e+03
7.292824e+03
6.968235e+03
6.968235e+03
5.898809e+03
5.898809e+03
5.898809e+03
5.898809e+03
5.898809e+03
5.898809e+03
5.725668e+03
5.631332e+03
5.631332e+03
5.631332e+03
5.538622e+03
5.538622e+03
5.389437e+03
5.389437e+03
5.389437e+03
5.304602e+03
5.235327e+03
4.972405e+03
4.921669e+03
4.366294e+03
4.366294e+03
4.366294e+03
4.366294e+03
4.366294e+03
4.366294e+03
4.366294e+03
4.366294e+03
4.137578e+03
3.658738e+03
3.658738e+03
3.658738e+03
3.636270e+03
3.432382e+03
3.397344e+03
2.961806e+03
2.961806e+03
2.864520e+03
2.864520e+03
2.864520e+03
2.847531e+03
2.847531e+03
2.844147e+03
2.587456e+03
2.587456e+03
2.587456e+03
2.587456e+03
2.587456e+03
2.342706e+03
1.863639e+03
1.863639e+03
1.863639e+03
1.863639e+03
1.863639e+03
1.863639e+03
1.863639e+03
1.715923e+03
1.644822e+03
1.644822e+03
1.644822e+03
1.593869e+03
1.593869e+03
1.593869e+03
1.593869e+03
1.593869e+03
1.587887e+03
1.587887e+03
1.465604e+03
1.289627e+03
1.289627e+03
1.288512e+03
1.288512e+03
1.207783e+03
1.189811e+03
1.132615e+03
1.102424e+03
1.102424e+03
1.102424e+03
1.102424e+03
1.102424e+03
1.102424e+03
1.102424e+03
1.102424e+03
1.005286e+03
1.005286e+03
9.780629e+02
9.637227e+02
9.245931e+02
9.245931e+02
9.245931e+02
8.699183e+02
8.699183e+02
8.657125e+02
8.142622e+02
7.946381e+02
7.728342e+02
7.728342e+02
6.956185e+02
6.956185e+02
6.006360e+02
6.006360e+02
6.006360e+02
6.006360e+02
5.782521e+02
5.547334e+02
5.254568e+02
5.254568e+02
5.254568e+02
5.254568e+02
4.963363e+02
4.867299e+02
4.279452e+02
4.279452e+02
4.279452e+02
4.279452e+02
4.279172e+02
4.279172e+02
4.279172e+02
4.258455e+02
3.817771e+02
3.817771e+02
3.579111e+02
3.579111e+02
3.579111e+02
3.579111e+02
3.567866e+02
3.567866e+02
3.457094e+02
3.380950e+02
2.838295e+02
2.838295e+02
2.838295e+02
2.838295e+02
2.838295e+02
2.716294e+02
2.716294e+02
2.716294e+02
2.568986e+02
2.348053e+02
2.125336e+02
2.125336e+02
2.125336e+02
2.067768e+02
2.067768e+02
2.067768e+02
1.879725e+02
1.879725e+02
1.879725e+02
1.879725e+02
1.879725e+02
1.845389e+02
1.751642e+02
1.751642e+02
1.751642e+02
1.728599e+02
1.561068e+02
1.525416e+02
1.367213e+02
1.367213e+02
1.367213e+02
1.367213e+02
1.367087e+02
1.099711e+02
1.099711e+02
1.099711e+02
1.099711e+02
1.099711e+02
1.099711e+02
1.099711e+02
1.099711e+02
1.099711e+02
1.099711e+02
1.084872e+02
1.063978e+02
9.811134e+01
9.759205e+01
9.759205e+01
9.734813e+01
9.412793e+01
8.957237e+01
8.243190e+01
8.243190e+01
8.137249e+01
8.137249e+01
7.865273e+01
7.855700e+01
7.112834e+01
7.112834e+01
7.112834e+01
7.112834e+01
6.933016e+01
6.933016e+01
6.595163e+01
6.447353e+01
6.095867e+01
6.095867e+01
6.095867e+01
6.095867e+01
5.998250e+01
5.998250e+01
5.998250e+01
5.998250e+01
5.640462e+01
5.568306e+01
5.392269e+01
5.392269e+01
5.095887e+01
5.095887e+01
5.095887e+01
5.095887e+01
4.862133e+01
4.862133e+01
4.500501e+01
4.500501e+01
4.453185e+01
4.423823e+01
4.367100e+01
4.367100e+01
4.259617e+01
4.259617e+01
4.259617e+01
4.156378e+01
4.087297e+01
3.782796e+01
3.782796e+01
3.782796e+01
3.782796e+01
3.625913e+01
3.553476e+01
3.328948e+01
3.328948e+01
3.328948e+01
3.328948e+01
3.328948e+01
3.268825e+01
3.073198e+01
2.898400e+01
2.898400e+01
2.738185e+01
2.738185e+01
2.738185e+01
2.514207e+01
2.463815e+01
2.463815e+01
2.463815e+01
2.463815e+01
2.463815e+01
2.463815e+01
2.386231e+01
2.330082e+01
2.319073e+01
2.319073e+01
2.152872e+01
2.099605e+01
2.006913e+01
1.912841e+01
1.779987e+01
1.779987e+01
1.779987e+01
1.779987e+01
1.779987e+01
1.779987e+01
1.733259e+01
1.641388e+01
1.641388e+01
1.641388e+01
1.565995e+01
1.565995e+01
1.565995e+01
1.430147e+01
1.430147e+01
1.430147e+01
1.361850e+01
1.361850e+01
1.361850e+01
1.319113e+01
1.319113e+01
1.159256e+01
1.159256e+01
1.159256e+01
1.159256e+01
1.156339e+01
1.131701e+01
1.062778e+01
1.005223e+01
1.005223e+01
9.778266e+00
9.670253e+00
9.667102e+00
9.667102e+00
9.667102e+00
9.416632e+00
9.308720e+00
9.308720e+00
8.511688e+00
8.511688e+00
8.457007e+00
8.457007e+00
8.129096e+00
7.991549e+00
7.991549e+00
7.854047e+00
7.717375e+00
7.540969e+00
7.458974e+00
7.458974e+00
7.095279e+00
6.853695e+00
6.853695e+00
6.765870e+00
6.500910e+00
6.500910e+00
6.500910e+00
6.450512e+00
6.450512e+00
6.228842e+00
5.770704e+00
5.770704e+00
5.770704e+00
5.554516e+00
5.401119e+00
5.401119e+00
4.790365e+00
4.790365e+00
4.790365e+00
4.790365e+00
4.790365e+00
4.688073e+00
4.575533e+00
4.575533e+00
4.421297e+00
4.208123e+00
3.915087e+00
3.915087e+00
3.915087e+00
3.915087e+00
3.542004e+00
3.510065e+00
3.510065e+00
3.495304e+00
3.495304e+00
3.472819e+00
3.472819e+00
3.472819e+00
3.374983e+00
3.203884e+00
3.203884e+00
3.203884e+00
3.185822e+00
3.044993e+00
3.040212e+00
3.028845e+00
2.977981e+00
2.829741e+00
2.829741e+00
2.739021e+00
2.739021e+00
2.739021e+00
2.559101e+00
2.559101e+00
2.559101e+00
2.559101e+00
2.491062e+00
2.437538e+00
2.381548e+00
2.372771e+00
2.264704e+00
2.095136e+00
2.095136e+00
2.095136e+00
2.095136e+00
2.095136e+00
2.042045e+00
1.990844e+00
1.946618e+00
1.946618e+00
1.926301e+00
1.884754e+00
1.884754e+00
1.884754e+00
1.853062e+00
1.824678e+00
1.807870e+00
1.706502e+00
1.682037e+00
1.584523e+00
1.584523e+00
1.584523e+00
1.584523e+00
1.563234e+00
1.563234e+00
1.563234e+00
1.529830e+00
1.529830e+00
1.529830e+00
1.495414e+00
1.392979e+00
1.392979e+00
1.392979e+00
1.382444e+00
1.361607e+00
1.282838e+00
1.282838e+00
1.282838e+00
1.282838e+00
1.267946e+00
1.203530e+00
1.154565e+00
1.112080e+00
1.112080e+00
1.083601e+00
1.083601e+00
9.694724e-01
9.694724e-01
9.694724e-01
9.694724e-01
9.538957e-01
8.355358e-01
8.133545e-01
8.133545e-01
8.133545e-01
6.958795e-01
6.923227e-01
6.855651e-01
6.855651e-01
6.855651e-01
6.799940e-01
6.799940e-01
6.677172e-01
6.628044e-01
6.628044e-01
6.388283e-01
6.388283e-01
6.156175e-01
6.156175e-01
5.560951e-01
5.560951e-01
5.560951e-01
5.560951e-01
5.541760e-01
5.104415e-01
4.761499e-01
4.565791e-01
4.565791e-01
4.565791e-01
4.565791e-01
4.529872e-01
4.033883e-01
4.033883e-01
4.033883e-01
4.033883e-01
4.033883e-01
4.033883e-01
4.017781e-01
4.017781e-01
3.573886e-01
3.573886e-01
3.477872e-01
3.417612e-01
3.386774e-01
3.339022e-01
3.183211e-01
3.161281e-01
2.617493e-01
2.617493e-01
2.617493e-01
2.617493e-01
2.597051e-01
2.495415e-01
2.495415e-01
2.450335e-01
2.450335e-01
2.211832e-01
2.211832e-01
2.211832e-01
2.133137e-01
2.098781e-01
2.098781e-01
1.649368e-01
1.649368e-01
1.649368e-01
1.649368e-01
1.606507e-01
1.606507e-01
1.606507e-01
1.577939e-01
1.577939e-01
1.510925e-01
1.510925e-01
1.456800e-01
1.377061e-01
1.377061e-01
1.219531e-01
1.215014e-01
1.215014e-01
1.205918e-01
1.205918e-01
1.177169e-01
9.314495e-02
9.314495e-02
9.314495e-02
9.314495e-02
9.314495e-02
9.314495e-02
9.314495e-02
9.314495e-02
9.314495e-02
9.314495e-02
8.819838e-02
8.648078e-02
8.070425e-02
8.070425e-02
8.070425e-02
8.070425e-02
8.070425e-02
6.945711e-02
6.945711e-02
6.859457e-02
6.626472e-02
6.425225e-02
6.410055e-02
6.408202e-02
6.408202e-02
6.003922e-02
6.003922e-02
5.740396e-02
5.740396e-02
5.740396e-02
5.740396e-02
5.215649e-02
5.128894e-02
4.830044e-02
4.830044e-02
4.830044e-02
4.742155e-02
4.742155e-02
4.742155e-02
4.271006e-02
3.580002e-02
3.580002e-02
3.580002e-02
2.982396e-02
2.411211e-02
2.411211e-02
2.411211e-02
2.411211e-02
2.271442e-02
2.271442e-02
2.271442e-02
2.271442e-02
2.271442e-02
2.271442e-02
2.168750e-02
2.168750e-02
2.168750e-02
2.168750e-02
2.168750e-02
2.168750e-02
2.168750e-02
2.168750e-02
2.076927e-02
1.807663e-02
1.807663e-02
1.785295e-02
1.665511e-02
1.665511e-02
1.665511e-02
1.665511e-02
1.665511e-02
1.665511e-02
1.665511e-02
1.626124e-02
1.563768e-02
1.563768e-02
1.475809e-02
1.438047e-02
1.438047e-02
1.438047e-02
1.253807e-02
1.253807e-02
1.253807e-02
1.253807e-02
1.252473e-02
1.231271e-02
1.209630e-02
1.209630e-02
1.209630e-02
1.128607e-02
1.128607e-02
1.078877e-02
1.069854e-02
1.069854e-02
1.051643e-02
9.673427e-03
9.450965e-03
8.860541e-03
8.860541e-03
8.860541e-03
8.860541e-03
8.860541e-03
8.464848e-03
8.402597e-03
7.783744e-03
7.783744e-03
7.462400e-03
7.462400e-03
6.810533e-03
6.810533e-03
6.778515e-03
6.769689e-03
6.769689e-03
6.060421e-03
6.060421e-03
6.060421e-03
6.060421e-03
6.060421e-03
6.060421e-03
6.060421e-03
5.985156e-03
5.985156e-03
5.985156e-03
5.743451e-03
5.743451e-03
5.430432e-03
5.430432e-03
5.430432e-03
5.194607e-03
5.127872e-03
5.127872e-03
5.106835e-03
5.106835e-03
5.106835e-03
4.723647e-03
4.723647e-03
4.719559e-03
4.719559e-03
4.698818e-03
4.416868e-03
4.364396e-03
4.234856e-03
4.097576e-03
4.097576e-03
4.097576e-03
3.991049e-03
3.987891e-03
3.879494e-03
3.879494e-03
3.640794e-03
3.640794e-03
3.640794e-03
3.640794e-03
3.506709e-03
3.506709e-03
3.487377e-03
3.304132e-03
3.304132e-03
3.226706e-03
3.166738e-03
3.063620e-03
2.942998e-03
2.942998e-03
2.900507e-03
2.900507e-03
2.772614e-03
2.772614e-03
2.769278e-03
2.712766e-03
2.649979e-03
2.649979e-03
2.617700e-03
2.575284e-03
2.536931e-03
2.421398e-03
2.421398e-03
2.421398e-03
2.355028e-03
2.355028e-03
2.353218e-03
2.217420e-03
2.217420e-03
2.217420e-03
2.217420e-03
2.100154e-03
2.046276e-03
2.021933e-03
1.948203e-03
1.948203e-03
1.948203e-03
1.923274e-03
1.859487e-03
1.859487e-03
1.836878e-03
1.836878e-03
1.792977e-03
1.792977e-03
1.792977e-03
1.792977e-03
1.731303e-03
1.665754e-03
1.665661e-03
1.665661e-03
1.665661e-03
1.665661e-03
1.629582e-03
1.623897e-03
1.623897e-03
1.558539e-03
1.544748e-03
1.448461e-03
1.448461e-03
1.379047e-03
1.379047e-03
1.379047e-03
1.273698e-03
1.219618e-03
1.219618e-03
1.219618e-03
1.138339e-03
1.101991e-03
1.101991e-03
9.977198e-04
9.395016e-04
9.130141e-04
8.579931e-04
8.579931e-04
7.915373e-04
7.915373e-04
7.915373e-04
7.915373e-04
7.870735e-04
7.147765e-04
6.391353e-04
6.391353e-04
6.391353e-04
6.391353e-04
6.391353e-04
6.391353e-04
6.391353e-04
6.357158e-04
5.916854e-04
5.786206e-04
5.708362e-04
5.353120e-04
5.353120e-04
5.353120e-04
4.699510e-04
4.699510e-04
4.699510e-04
4.699510e-04
4.587480e-04
4.564273e-04
4.564273e-04
4.564273e-04
4.215012e-04
4.215012e-04
4.150622e-04
4.150622e-04
4.150622e-04
4.150622e-04
4.150622e-04
3.923939e-04
3.923939e-04
3.923939e-04
3.600940e-04
3.600940e-04
3.600940e-04
3.600940e-04
3.600940e-04
3.585238e-04
3.544240e-04
3.513582e-04
3.513582e-04
3.513582e-04
3.513582e-04
3.459223e-04
3.334096e-04
3.264456e-04
3.256784e-04
3.018774e-04
3.018774e-04
2.996538e-04
2.862205e-04
2.862205e-04
2.862205e-04
2.829927e-04
2.829927e-04
2.666879e-04
2.666879e-04
2.666879e-04
2.666879e-04
2.662019e-04
2.607766e-04
2.519095e-04
2.519095e-04
2.486593e-04
2.486593e-04
2.397833e-04
2.397833e-04
2.320580e-04
2.300452e-04
2.151117e-04
2.151117e-04
2.151117e-04
2.151117e-04
2.151117e-04
2.057510e-04
2.052826e-04
2.040838e-04
1.928014e-04
1.928014e-04
1.928014e-04
1.928014e-04
1.795909e-04
1.644144e-04
1.644144e-04
1.644144e-04
1.644144e-04
1.644144e-04
1.597892e-04
1.581389e-04
1.581389e-04
1.581389e-04
1.581389e-04
1.570833e-04
1.523174e-04
1.523174e-04
1.523174e-04
1.503822e-04
1.452179e-04
1.391812e-04
1.391812e-04
1.391812e-04
1.391812e-04
1.376316e-04
1.371112e-04
1.294748e-04
1.272634e-04
1.087025e-04
1.045517e-04
1.045517e-04
1.045517e-04
1.045517e-04
1.045517e-04
1.045517e-04
1.045517e-04
1.002417e-04
9.931870e-05
9.622792e-05
9.622792e-05
9.622792e-05
9.320378e-05
8.994740e-05
8.874009e-05
8.648842e-05
8.375440e-05
7.935253e-05
7.935253e-05
7.935253e-05
7.935253e-05
7.375349e-05
7.375349e-05
7.375349e-05
7.016716e-05
6.874521e-05
6.874521e-05
6.676800e-05
6.228462e-05
6.228462e-05
6.005584e-05
5.976633e-05
5.976633e-05
5.976633e-05
5.976633e-05
5.976633e-05
5.976633e-05
5.798372e-05
5.798372e-05
5.798372e-05
5.573721e-05
5.573721e-05
5.382037e-05
5.220556e-05
5.220556e-05
5.022715e-05
4.907439e-05
4.907439e-05
4.907439e-05
4.681240e-05
4.681240e-05
4.681240e-05
4.598741e-05
3.982878e-05
3.982878e-05
3.972826e-05
3.972826e-05
3.885999e-05
3.885999e-05
3.885999e-05
3.564091e-05
3.476997e-05
3.389386e-05
3.165330e-05
3.165330e-05
3.165330e-05
3.165330e-05
3.165330e-05
3.165330e-05
2.997182e-05
2.756440e-05
2.596359e-05
2.596359e-05
2.538686e-05
2.432376e-05
2.432376e-05
2.432376e-05
2.352107e-05
2.352107e-05
2.284272e-05
1.983927e-05
1.983927e-05
1.983927e-05
1.877471e-05
1.746830e-05
1.603043e-05
1.603043e-05
1.603043e-05
1.469464e-05
1.469464e-05
1.290648e-05
1.283513e-05
1.178560e-05
1.178560e-05
1.040484e-05
1.040484e-05
1.040484e-05
1.040484e-05
1.040484e-05
9.400381e-06
9.400381e-06
9.400381e-06
9.241598e-06
9.241598e-06
8.404050e-06
8.404050e-06
8.404050e-06
8.404050e-06
8.404050e-06
8.064536e-06
7.746470e-06
7.746470e-06
7.746470e-06
7.746470e-06
7.326872e-06
6.534892e-06
6.534892e-06
6.136883e-06
6.136883e-06
6.120610e-06
6.120610e-06
6.120610e-06
5.878865e-06
5.604463e-06
4.818014e-06
4.818014e-06
4.818014e-06
4.413435e-06
4.413435e-06
4.413435e-06
4.382707e-06
4.367942e-06
4.367942e-06
4.367942e-06
4.353267e-06
4.272970e-06
4.272970e-06
4.054522e-06
4.054522e-06
4.002654e-06
4.002654e-06
3.984471e-06
3.760903e-06
3.679701e-06
3.599180e-06
3.599180e-06
3.510875e-06
3.496436e-06
3.466606e-06
3.461338e-06
3.461338e-06
3.302237e-06
3.037754e-06
3.037754e-06
3.037754e-06
3.037754e-06
3.029412e-06
3.029412e-06
3.029412e-06
3.029412e-06
3.029412e-06
3.029412e-06
3.029412e-06
2.996007e-06
2.996007e-06
2.996007e-06
2.915900e-06
2.904366e-06
2.718782e-06
2.690506e-06
2.603295e-06
2.603295e-06
2.569530e-06
2.458552e-06
2.444547e-06
2.293618e-06
2.293618e-06
2.293618e-06
2.293618e-06
2.293618e-06
2.266523e-06
2.147651e-06
2.072266e-06
2.023365e-06
1.909740e-06
1.909740e-06
1.909740e-06
1.909740e-06
1.909740e-06
1.909740e-06
1.909740e-06
1.848928e-06
1.781375e-06
1.722953e-06
1.722953e-06
1.597628e-06
1.521654e-06
1.521654e-06
1.521654e-06
1.419319e-06
1.377549e-06
1.353975e-06
1.353975e-06
1.353975e-06
1.323407e-06
1.149487e-06
1.149487e-06
1.149487e-06
1.149487e-06
1.139908e-06
1.139908e-06
1.095640e-06
1.057906e-06
1.057906e-06
1.005860e-06
9.178635e-07
9.178635e-07
9.178635e-07
9.178635e-07
9.178635e-07
8.956067e-07
8.956067e-07
8.788706e-07
7.987489e-07
7.987489e-07
7.987489e-07
7.560934e-07
7.499025e-07
7.389156e-07
7.291497e-07
7.291497e-07
7.053292e-07
6.801076e-07
6.132047e-07
6.132047e-07
5.442332e-07
5.442332e-07
5.442332e-07
5.442332e-07
4.775034e-07
4.775034e-07
4.775034e-07
4.775034e-07
4.775034e-07
4.492397e-07
4.492397e-07
4.492397e-07
4.492397e-07
4.492397e-07
4.469509e-07
3.871247e-07
3.871247e-07
3.871247e-07
3.822597e-07
3.807534e-07
3.807534e-07
3.807534e-07
3.417260e-07
3.238750e-07
3.238750e-07
3.088407e-07
3.088407e-07
3.059605e-07
3.000400e-07
2.957252e-07
2.729286e-07
2.729286e-07
2.729286e-07
2.687254e-07
2.687254e-07
2.673555e-07
2.495682e-07
2.495682e-07
2.495682e-07
2.495682e-07
2.337798e-07
2.337798e-07
2.337798e-07
2.262256e-07
2.123573e-07
2.123573e-07
2.104329e-07
2.039907e-07
1.926809e-07
1.926809e-07
1.879888e-07
1.879888e-07
1.854537e-07
1.854537e-07
1.758001e-07
1.739715e-07
1.535291e-07
1.503499e-07
1.503499e-07
1.490603e-07
1.477029e-07
1.477029e-07
1.345207e-07
1.345207e-07
1.345207e-07
1.273914e-07
1.273914e-07
1.176760e-07
1.140354e-07
1.138571e-07
1.138571e-07
1.138571e-07
1.138571e-07
1.067879e-07
1.013514e-07
1.013514e-07
1.013514e-07
1.013514e-07
1.013514e-07
1.006102e-07
9.549408e-08
8.915134e-08
8.915134e-08
8.754562e-08
8.754562e-08
8.705266e-08
8.705266e-08
7.851644e-08
7.851644e-08
7.847530e-08
7.847530e-08
7.847530e-08
7.278411e-08
7.278411e-08
7.278411e-08
7.278411e-08
7.252056e-08
7.185218e-08
7.185218e-08
6.664894e-08
6.195595e-08
6.195595e-08
6.195595e-08
6.195595e-08
6.195595e-08
5.624801e-08
5.457602e-08
5.457602e-08
5.441334e-08
5.441334e-08
4.942096e-08
4.942096e-08
4.797614e-08
4.797614e-08
4.762444e-08
4.312099e-08
4.312099e-08
4.312099e-08
4.233780e-08
4.233780e-08
4.233780e-08
4.233780e-08
4.233780e-08
4.233780e-08
4.233780e-08
4.189599e-08
3.816918e-08
3.816918e-08
3.812063e-08
3.812063e-08
3.785266e-08
3.785266e-08
3.723506e-08
3.548890e-08
3.547881e-08
3.547881e-08
3.480625e-08
3.471153e-08
3.344299e-08
3.204241e-08
3.204241e-08
3.204241e-08
3.136264e-08
3.136264e-08
2.897833e-08
2.897833e-08
2.781171e-08
2.584313e-08
2.584313e-08
2.584313e-08
2.566906e-08
2.566906e-08
2.542517e-08
2.423024e-08
2.423024e-08
2.423024e-08
2.423024e-08
2.368120e-08
2.320298e-08
2.165329e-08
2.165329e-08
2.165329e-08
2.165329e-08
1.936360e-08
1.734909e-08
1.572097e-08
1.572097e-08
1.527767e-08
1.527767e-08
1.527767e-08
1.527767e-08
1.485928e-08
1.485928e-08
1.485928e-08
1.156122e-08
1.156122e-08
1.156122e-08
1.156122e-08
1.156122e-08
1.156122e-08
1.156122e-08
1.103866e-08
9.855366e-09
9.855366e-09
9.855366e-09
9.796088e-09
9.796088e-09
9.796088e-09
9.540450e-09
9.356118e-09
7.897816e-09
7.897816e-09
7.897816e-09
7.647960e-09
6.825274e-09
6.787084e-09
6.239047e-09
6.239047e-09
6.239047e-09
5.882389e-09
5.882389e-09
5.882389e-09
5.882389e-09
5.882389e-09
5.882389e-09
5.882389e-09
5.882389e-09
5.882389e-09
5.814512e-09
5.668445e-09
5.545911e-09
5.260201e-09
5.260201e-09
5.248502e-09
4.685984e-09
4.351191e-09
4.351191e-09
4.351191e-09
4.260088e-09
4.038784e-09
4.038784e-09
3.839184e-09
3.836968e-09
3.836968e-09
3.836968e-09
3.566052e-09
3.566052e-09
3.566052e-09
3.500895e-09
3.500895e-09
3.421804e-09
3.275419e-09
3.180491e-09
3.180491e-09
3.180491e-09
3.094801e-09
3.094801e-09
2.704838e-09
2.704838e-09
2.704838e-09
2.704838e-09
2.704838e-09
2.704838e-09
2.629007e-09
2.591737e-09
2.515051e-09
2.417544e-09
2.417544e-09
2.296165e-09
1.870073e-09
1.870073e-09
1.870073e-09
1.708343e-09
1.708343e-09
1.708343e-09
1.708343e-09
1.639696e-09
1.639696e-09
1.565539e-09
1.565539e-09
1.565539e-09
1.565539e-09
1.565539e-09
1.511229e-09
1.511229e-09
1.504903e-09
1.447809e-09
1.435761e-09
1.417820e-09
1.403909e-09
1.403909e-09
1.388992e-09
1.301951e-09
1.258706e-09
1.175285e-09
1.175285e-09
1.175285e-09
1.175285e-09
1.122931e-09
1.087178e-09
1.087178e-09
1.087178e-09
9.702128e-10
9.702128e-10
9.702128e-10
9.702128e-10
9.100945e-10
9.100945e-10
9.100945e-10
8.982438e-10
8.982438e-10
8.861965e-10
8.743633e-10
8.475354e-10
8.475354e-10
8.378397e-10
7.981867e-10
7.615268e-10
7.615268e-10
7.468540e-10
7.347728e-10
7.112487e-10
7.112487e-10
7.112487e-10
6.900302e-10
6.657978e-10
6.051997e-10
5.649748e-10
5.649748e-10
5.649748e-10
5.649748e-10
5.643539e-10
5.643539e-10
5.643539e-10
5.071385e-10
5.071385e-10
5.071385e-10
5.026638e-10
4.885137e-10
4.754898e-10
4.659284e-10
4.659284e-10
4.461982e-10
4.461982e-10
3.893800e-10
3.893800e-10
3.765164e-10
3.765164e-10
3.765164e-10
3.539331e-10
3.539331e-10
3.539331e-10
3.539331e-10
3.513003e-10
3.384668e-10
3.384668e-10
3.363717e-10
3.303697e-10
3.164986e-10
3.006386e-10
3.006386e-10
3.006386e-10
3.006386e-10
3.006386e-10
2.985777e-10
2.898587e-10
2.867129e-10
2.672523e-10
2.621726e-10
2.302962e-10
2.302962e-10
2.302962e-10
2.298733e-10
2.041211e-10
2.041211e-10
2.041211e-10
2.041211e-10
2.041211e-10
2.041211e-10
1.902123e-10
1.902123e-10
1.879464e-10
1.879464e-10
1.879464e-10
1.879464e-10
1.806790e-10
1.739206e-10
1.739206e-10
1.694346e-10
1.543208e-10
1.543208e-10
1.543208e-10
1.543208e-10
1.543208e-10
1.543208e-10
1.509703e-10
1.509703e-10
1.482542e-10
1.476205e-10
1.460741e-10
1.392661e-10
1.392661e-10
1.392661e-10
1.383342e-10
1.322953e-10
1.201829e-10
1.201829e-10
1.201829e-10
1.201829e-10
1.183499e-10
1.167404e-10
1.100026e-10
1.048664e-10
1.048664e-10
1.000587e-10
1.000587e-10
9.872661e-11
9.817400e-11
9.811609e-11
9.811609e-11
9.710114e-11
9.166315e-11
9.166315e-11
9.166315e-11
9.000802e-11
8.780594e-11
7.789295e-11
7.272836e-11
7.272836e-11
7.272836e-11
7.272836e-11
7.272836e-11
7.272836e-11
7.272836e-11
7.162723e-11
7.058713e-11
7.058713e-11
6.969800e-11
6.969800e-11
6.969800e-11
6.902966e-11
6.902966e-11
6.632892e-11
6.248721e-11
5.685308e-11
5.685308e-11
5.456235e-11
5.456235e-11
5.456235e-11
5.252613e-11
5.021776e-11
5.012049e-11
5.012049e-11
4.919737e-11
4.919737e-11
4.762772e-11
4.353297e-11
4.353297e-11
4.353297e-11
4.353297e-11
4.218809e-11
3.995777e-11
3.869233e-11
3.835865e-11
3.795433e-11
3.684529e-11
3.598014e-11
3.444425e-11
3.444425e-11
3.444425e-11
3.079741e-11
3.079741e-11
3.058649e-11
3.025500e-11
3.025500e-11
2.905852e-11
2.905852e-11
2.760754e-11
2.681753e-11
2.584078e-11
2.584078e-11
2.584078e-11
2.528565e-11
2.222804e-11
2.130564e-11
2.057420e-11
2.057420e-11
2.057420e-11
2.020252e-11
2.020252e-11
2.020252e-11
1.829819e-11
1.829819e-11
1.829819e-11
1.665368e-11
1.665368e-11
1.665368e-11
1.630930e-11
1.630930e-11
1.506694e-11
1.506694e-11
1.506164e-11
1.443157e-11
1.443157e-11
1.443157e-11
1.443157e-11
1.443157e-11
1.398952e-11
1.206566e-11
1.206566e-11
1.206566e-11
1.205021e-11
1.126673e-11
1.126673e-11
1.126673e-11
1.126673e-11
1.126673e-11
1.099691e-11
1.099353e-11
9.869615e-12
9.869615e-12
9.869615e-12
9.643155e-12
9.643155e-12
9.643155e-12
9.187310e-12
9.187310e-12
8.265759e-12
8.265759e-12
8.265759e-12
8.265759e-12
8.173613e-12
8.173613e-12
7.788968e-12
7.788968e-12
7.333492e-12
7.262648e-12
6.677212e-12
6.677212e-12
6.594614e-12
5.907536e-12
5.907536e-12
5.907536e-12
5.907536e-12
5.907536e-12
5.907536e-12
5.894778e-12
5.734135e-12
5.254833e-12
5.145993e-12
5.145993e-12
5.145993e-12
5.145993e-12
5.145993e-12
4.082361e-12
4.082361e-12
3.968586e-12
3.830626e-12
3.640674e-12
3.640674e-12
3.640674e-12
3.640674e-12
3.640674e-12
3.601155e-12
3.418869e-12
3.418869e-12
3.418869e-12
3.418869e-12
3.079743e-12
3.079743e-12
2.877671e-12
2.876317e-12
2.736302e-12
2.736302e-12
2.736302e-12
2.536600e-12
2.536600e-12
2.504098e-12
2.504098e-12
2.432815e-12
2.432815e-12
2.316591e-12
2.316591e-12
2.086815e-12
2.086815e-12
2.086815e-12
2.086815e-12
2.086815e-12
2.086815e-12
2.023876e-12
2.023876e-12
2.023876e-12
2.023876e-12
1.988271e-12
1.778569e-12
1.778569e-12
1.778569e-12
1.778569e-12
1.773850e-12
1.728343e-12
1.540180e-12
1.531632e-12
1.531632e-12
1.531632e-12
1.531632e-12
1.514711e-12
1.450918e-12
1.450918e-12
1.383550e-12
1.383550e-12
1.383550e-12
1.311477e-12
1.311477e-12
1.186898e-12
1.181666e-12
1.181666e-12
1.181666e-12
1.165747e-12
1.165747e-12
1.165747e-12
1.052460e-12
9.443958e-13
9.443958e-13
9.443958e-13
9.249863e-13
9.249863e-13
9.249863e-13
8.864585e-13
8.426662e-13
8.426662e-13
7.731379e-13
7.731379e-13
7.396787e-13
7.112140e-13
7.112140e-13
7.112140e-13
7.112140e-13
7.112140e-13
7.112140e-13
6.981633e-13
6.981633e-13
6.569992e-13
6.111695e-13
6.111695e-13
6.111695e-13
5.767400e-13
5.767400e-13
5.767400e-13
5.767400e-13
5.625017e-13
4.878165e-13
4.733753e-13
4.733753e-13
4.733753e-13
4.733753e-13
4.667702e-13
4.128477e-13
4.128477e-13
4.128477e-13
4.128477e-13
4.083761e-13
3.825963e-13
3.825079e-13
3.825079e-13
3.825079e-13
3.825079e-13
3.825079e-13
3.825079e-13
3.825079e-13
3.734735e-13
3.676665e-13
3.483511e-13
3.483511e-13
3.282980e-13
3.025354e-13
3.025354e-13
3.025354e-13
3.025354e-13
2.908191e-13
2.908191e-13
2.897815e-13
2.859794e-13
2.849579e-13
2.849579e-13
2.708353e-13
2.284090e-13
2.284090e-13
2.283108e-13
2.280617e-13
2.091723e-13
2.091723e-13
2.091723e-13
2.091723e-13
2.091723e-13
2.091723e-13
2.091723e-13
1.987780e-13
1.955287e-13
1.904321e-13
1.794901e-13
1.794901e-13
1.743346e-13
1.743346e-13
1.722258e-13
1.722258e-13
1.647907e-13
1.647907e-13
1.606399e-13
1.600148e-13
1.526456e-13
1.508111e-13
1.508111e-13
1.480451e-13
1.480451e-13
1.459124e-13
1.356938e-13
1.339527e-13
1.256676e-13
1.244074e-13
1.189535e-13
1.189535e-13
1.189535e-13
1.172915e-13
1.172915e-13
1.172915e-13
1.172915e-13
1.140200e-13
1.097290e-13
9.708225e-14
9.708225e-14
9.708225e-14
9.708225e-14
9.155368e-14
9.155368e-14
9.155368e-14
9.155368e-14
9.130358e-14
8.724053e-14
8.724053e-14
8.724053e-14
8.724053e-14
8.724053e-14
8.017253e-14
8.017253e-14
8.017253e-14
7.836928e-14
7.750658e-14
7.750658e-14
7.750658e-14
7.750658e-14
7.750658e-14
7.193537e-14
7.193537e-14
6.889689e-14
6.889689e-14
6.889689e-14
6.889689e-14
6.697000e-14
6.298099e-14
6.097758e-14
6.097758e-14
5.774817e-14
5.774817e-14
5.191993e-14
5.191993e-14
5.191993e-14
5.013008e-14
4.622091e-14
4.452060e-14
4.201489e-14
4.201489e-14
4.201489e-14
4.102696e-14
4.102696e-14
4.102696e-14
3.856949e-14
3.856949e-14
3.856949e-14
3.767776e-14
3.410588e-14
3.410588e-14
3.410588e-14
3.354836e-14
3.354836e-14
3.247245e-14
3.021633e-14
3.021633e-14
3.021633e-14
3.021633e-14
2.692629e-14
2.692629e-14
2.673502e-14
2.662060e-14
2.662060e-14
2.651993e-14
2.345548e-14
2.345548e-14
2.345548e-14
2.345548e-14
2.345548e-14
2.091271e-14
2.091271e-14
1.888735e-14
1.888735e-14
1.888735e-14
1.888735e-14
1.859681e-14
1.859681e-14
1.678002e-14
1.678002e-14
1.678002e-14
1.665539e-14
1.624918e-14
1.624918e-14
1.593002e-14
1.593002e-14
1.465129e-14
1.465129e-14
1.465129e-14
1.465129e-14
1.465129e-14
1.465129e-14
1.359754e-14
1.359754e-14
1.359754e-14
1.304233e-14
1.208038e-14
1.208038e-14
1.208038e-14
1.168850e-14
1.168850e-14
1.126449e-14
1.122884e-14
1.053027e-14
1.053027e-14
9.056069e-15
7.794864e-15
7.794864e-15
7.794864e-15
7.421261e-15
7.421261e-15
7.421261e-15
7.418978e-15
7.418978e-15
7.418978e-15
7.418978e-15
7.159210e-15
7.159210e-15
6.972189e-15
6.867677e-15
6.796925e-15
5.579410e-15
5.097422e-15
5.097422e-15
5.097422e-15
5.097422e-15
5.097422e-15
4.690099e-15
4.690099e-15
4.278555e-15
4.278555e-15
4.256964e-15
3.934739e-15
3.881589e-15
3.777382e-15
3.777382e-15
3.398911e-15
3.398911e-15
3.398911e-15
3.398911e-15
3.398911e-15
3.398911e-15
3.111100e-15
3.111100e-15
3.047726e-15
3.047726e-15
2.861261e-15
2.848449e-15
2.726546e-15
2.726546e-15
2.667279e-15
2.446661e-15
2.446661e-15
2.354539e-15
2.354539e-15
2.284493e-15
2.284493e-15
2.138029e-15
2.138029e-15
2.138029e-15
2.000105e-15
1.981673e-15
1.912599e-15
1.912599e-15
1.867440e-15
1.643788e-15
1.643788e-15
1.643788e-15
1.643788e-15
1.643788e-15
1.643788e-15
1.643788e-15
1.643788e-15
1.635134e-15
1.582858e-15
1.354454e-15
1.344659e-15
1.343520e-15
1.343520e-15
1.343520e-15
1.331659e-15
1.223519e-15
1.208844e-15
1.144381e-15
1.140552e-15
1.140552e-15
1.140552e-15
1.140552e-15
1.140552e-15
1.036125e-15
1.036125e-15
1.036125e-15
1.036125e-15
1.036125e-15
1.013352e-15
9.931347e-16
9.290268e-16
9.290268e-16
9.290268e-16
8.744299e-16
7.897807e-16
7.450471e-16
7.450471e-16
7.450471e-16
7.104167e-16
7.104167e-16
7.104167e-16
7.104167e-16
7.104167e-16
6.996793e-16
6.689050e-16
6.689050e-16
6.463351e-16
6.332566e-16
5.965892e-16
5.912650e-16
5.803174e-16
5.130391e-16
5.130391e-16
5.130391e-16
5.130391e-16
5.005464e-16
5.005464e-16
4.877392e-16
4.522358e-16
4.515573e-16
4.040874e-16
4.040874e-16
4.040874e-16
4.040874e-16
4.031012e-16
4.026379e-16
3.948782e-16
3.409543e-16
3.409543e-16
3.409543e-16
3.114246e-16
2.693807e-16
2.693807e-16
2.639324e-16
2.639324e-16
2.639324e-16
2.639324e-16
2.639324e-16
2.639324e-16
2.626467e-16
2.429354e-16
2.381772e-16
2.321629e-16
2.318318e-16
2.082842e-16
2.082842e-16
2.082842e-16
2.038667e-16
1.929413e-16
1.929413e-16
1.929413e-16
1.929413e-16
1.724559e-16
1.724559e-16
1.724559e-16
1.672169e-16
1.672169e-16
1.574325e-16
1.574325e-16
1.574325e-16
1.503021e-16
1.503021e-16
1.503021e-16
1.329736e-16
1.329736e-16
1.329736e-16
1.329736e-16
1.329736e-16
1.258965e-16
1.258965e-16
1.216914e-16
1.216914e-16
1.157307e-16
1.157307e-16
1.157307e-16
1.027319e-16
1.027319e-16
1.027319e-16
9.849956e-17
