3.757430e+01
3.757430e+01
3.475845e+01
3.237778e+01
3.237778e+01
3.237778e+01
3.237778e+01
3.237778e+01
3.237778e+01
2.781614e+01
2.781614e+01
2.781614e+01
2.781614e+01
2.781614e+01
2.781614e+01
2.744264e+01
2.744264e+01
2.472990e+01
2.472990e+01
2.472990e+01
2.472990e+01
2.472990e+01
2.472990e+01
2.472990e+01
2.472990e+01
1.482176e+01
1.482176e+01
1.482176e+01
1.482176e+01
1.482176e+01
1.482176e+01
1.482176e+01
1.482176e+01
1.482176e+01
1.482176e+01
1.482176e+01
1.482176e+01
1.482176e+01
1.482176e+01
1.439979e+01
1.439979e+01
1.439979e+01
1.439979e+01
1.439979e+01
1.439979e+01
1.439979e+01
1.439979e+01
1.213228e+01
1.213228e+01
1.213228e+01
1.213228e+01
1.213228e+01
1.213228e+01
1.213228e+01
1.213228e+01
1.213228e+01
7.517562e+00
7.517562e+00
7.517562e+00
7.517562e+00
7.517562e+00
7.517562e+00
7.517562e+00
7.517562e+00
7.517562e+00
7.517562e+00
7.517562e+00
7.517562e+00
7.517562e+00
7.517562e+00
7.517562e+00
7.517562e+00
7.517562e+00
7.517562e+00
7.517562e+00
7.517562e+00
7.517562e+00
7.517562e+00
7.517562e+00
7.517562e+00
7.517562e+00
7.517562e+00
7.517562e+00
7.517562e+00
7.517562e+00
7.517562e+00
7.517562e+00
7.517562e+00
7.517562e+00
7.517562e+00
7.517562e+00
7.517562e+00
7.517562e+00
7.517562e+00
7.517562e+00
7.517562e+00
7.517562e+00
7.517562e+00
7.517562e+00
7.517562e+00
7.517562e+00
7.517562e+00
7.517562e+00
7.517562e+00
7.517562e+00
7.517562e+00
6.542214e+00
6.542214e+00
6.542214e+00
6.542214e+00
6.542214e+00
6.542214e+00
6.542214e+00
6.542214e+00
6.542214e+00
6.542214e+00
6.542214e+00
6.542214e+00
6.542214e+00
6.542214e+00
6.542214e+00
6.542214e+00
6.542214e+00
6.542214e+00
6.542214e+00
6.542214e+00
5.233447e+00
5.233447e+00
5.233447e+00
5.233447e+00
5.233447e+00
5.233447e+00
5.233447e+00
5.233447e+00
5.233447e+00
5.233447e+00
5.233447e+00
5.233447e+00
5.233447e+00
5.233447e+00
5.233447e+00
5.233447e+00
5.233447e+00
5.233447e+00
5.233447e+00
5.233447e+00
5.233447e+00
5.233447e+00
5.233447e+00
5.233447e+00
5.233447e+00
5.233447e+00
5.233447e+00
5.233447e+00
5.233447e+00
5.233447e+00
5.233447e+00
5.233447e+00
5.233447e+00
5.233447e+00
5.233447e+00
5.233447e+00
5.233447e+00
5.233447e+00
5.233447e+00
5.233447e+00
5.233447e+00
5.233447e+00
5.233447e+00
5.233447e+00
5.233447e+00
5.233447e+00
5.233447e+00
5.233447e+00
5.233447e+00
5.233447e+00
5.233447e+00
5.233447e+00
5.233447e+00
5.233447e+00
5.233447e+00
5.233447e+00
5.233447e+00
5.233447e+00
5.233447e+00
5.233447e+00
5.233447e+00
5.233447e+00
5.233447e+00
5.233447e+00
5.233447e+00
5.233447e+00
5.233447e+00
5.233447e+00
5.233447e+00
5.233447e+00
5.233447e+00
5.233447e+00
5.233447e+00
5.233447e+00
5.233447e+00
5.233447e+00
5.233447e+00
5.233447e+00
5.233447e+00
5.233447e+00
5.233447e+00
5.233447e+00
5.233447e+00
5.233447e+00
5.233447e+00
5.233447e+00
5.233447e+00
5.233447e+00
5.233447e+00
5.233447e+00
5.233447e+00
5.233447e+00
5.233447e+00
5.233447e+00
5.233447e+00
5.233447e+00
5.233447e+00
5.233447e+00
5.233447e+00
5.233447e+00
5.233447e+00
5.233447e+00
4.397505e+00
4.397505e+00
4.397505e+00
4.397505e+00
4.397505e+00
4.397505e+00
4.397505e+00
4.397505e+00
4.397505e+00
4.397505e+00
4.397505e+00
4.397505e+00
4.397505e+00
4.397505e+00
4.397505e+00
4.397505e+00
4.397505e+00
4.397505e+00
4.397505e+00
4.397505e+00
4.397505e+00
4.397505e+00
4.397505e+00
4.397505e+00
4.397505e+00
4.397505e+00
4.397505e+00
4.397505e+00
4.397505e+00
4.397505e+00
4.397505e+00
4.397505e+00
4.397505e+00
4.397505e+00
4.397505e+00
4.397505e+00
4.397505e+00
4.397505e+00
4.397505e+00
4.397505e+00
4.397505e+00
4.397505e+00
4.397505e+00
4.397505e+00
4.397505e+00
4.397505e+00
4.397505e+00
4.397505e+00
4.397505e+00
4.397505e+00
4.397505e+00
4.397505e+00
4.397505e+00
4.397505e+00
4.397505e+00
4.397505e+00
4.397505e+00
4.397505e+00
4.397505e+00
4.397505e+00
4.397505e+00
4.397505e+00
4.397505e+00
4.397505e+00
4.397505e+00
4.397505e+00
4.397505e+00
4.397505e+00
4.397505e+00
4.397505e+00
4.397505e+00
4.397505e+00
4.397505e+00
4.397505e+00
4.397505e+00
4.397505e+00
4.397505e+00
4.397505e+00
4.397505e+00
4.397505e+00
4.397505e+00
4.397505e+00
4.397505e+00
4.397505e+00
4.397505e+00
4.397505e+00
4.397505e+00
4.397505e+00
4.397505e+00
4.397505e+00
4.397505e+00
4.397505e+00
4.397505e+00
4.397505e+00
4.397505e+00
4.397505e+00
4.397505e+00
4.397505e+00
4.397505e+00
4.397505e+00
4.397505e+00
4.397505e+00
4.397505e+00
4.397505e+00
4.397505e+00
4.397505e+00
4.397505e+00
4.397505e+00
4.397505e+00
4.397505e+00
4.397505e+00
4.397505e+00
4.397505e+00
4.397505e+00
4.397505e+00
4.397505e+00
4.397505e+00
4.397505e+00
4.397505e+00
4.397505e+00
3.989741e+00
3.989741e+00
3.989741e+00
3.989741e+00
3.989741e+00
3.989741e+00
3.989741e+00
3.989741e+00
3.989741e+00
3.987925e+00
3.987925e+00
3.987925e+00
3.987925e+00
3.987925e+00
3.987925e+00
3.987925e+00
3.987925e+00
3.987925e+00
3.987925e+00
3.987925e+00
3.987925e+00
3.987925e+00
3.987925e+00
3.987925e+00
3.987925e+00
3.987925e+00
3.987925e+00
3.987925e+00
3.937161e+00
3.937161e+00
3.937161e+00
3.937161e+00
3.914861e+00
3.914861e+00
3.914861e+00
3.914861e+00
3.914861e+00
3.914861e+00
3.914861e+00
3.914861e+00
3.914861e+00
3.914861e+00
3.914861e+00
3.914861e+00
3.914861e+00
3.914861e+00
3.914861e+00
2.707595e+00
2.707595e+00
2.707595e+00
2.707595e+00
2.707595e+00
2.707595e+00
2.707595e+00
2.707595e+00
2.707595e+00
2.707595e+00
2.707595e+00
2.707595e+00
2.707595e+00
2.707595e+00
2.707595e+00
2.707595e+00
2.707595e+00
2.707595e+00
2.707595e+00
2.707595e+00
2.707595e+00
2.707595e+00
2.707595e+00
2.707595e+00
2.707595e+00
2.707595e+00
2.707595e+00
2.707595e+00
2.707595e+00
2.707595e+00
2.707595e+00
2.707595e+00
2.707595e+00
2.707595e+00
2.707595e+00
2.707595e+00
2.707595e+00
2.707595e+00
2.707595e+00
2.707595e+00
2.707595e+00
2.707595e+00
2.707595e+00
2.707595e+00
2.707595e+00
2.707595e+00
2.707595e+00
2.707595e+00
2.707595e+00
2.588625e+00
2.588625e+00
2.588625e+00
2.588625e+00
2.441821e+00
2.441821e+00
2.441821e+00
2.441821e+00
1.581156e+00
1.581156e+00
1.581156e+00
1.254211e+00
1.254211e+00
1.233431e+00
1.233431e+00
1.233431e+00
1.233431e+00
1.233431e+00
1.233431e+00
1.233431e+00
1.233431e+00
1.233431e+00
1.233431e+00
1.233431e+00
1.233431e+00
1.233431e+00
1.233431e+00
1.233431e+00
1.233431e+00
1.233431e+00
1.233431e+00
1.233431e+00
1.233431e+00
1.233431e+00
1.233431e+00
1.233431e+00
1.233431e+00
1.233431e+00
1.233431e+00
1.233431e+00
1.233431e+00
1.233431e+00
1.233431e+00
1.233431e+00
1.233431e+00
1.233431e+00
1.213124e+00
1.213124e+00
1.213124e+00
1.213124e+00
1.213124e+00
1.213124e+00
1.213124e+00
1.213124e+00
1.213124e+00
2.597176e+02
2.597176e+02
2.597176e+02
2.597176e+02
2.590147e+02
2.590147e+02
2.590147e+02
2.020246e+02
2.020246e+02
2.020246e+02
2.020246e+02
2.020246e+02
2.020246e+02
2.020246e+02
2.020246e+02
2.020246e+02
1.978417e+02
1.900636e+02
1.900636e+02
1.900636e+02
1.900636e+02
1.892232e+02
1.892232e+02
1.841423e+02
1.841423e+02
1.841423e+02
1.841423e+02
1.741693e+02
1.741693e+02
1.741693e+02
1.741693e+02
1.741693e+02
1.639565e+02
1.639565e+02
1.639565e+02
1.639565e+02
1.352494e+02
1.352494e+02
1.352494e+02
1.352494e+02
1.352494e+02
1.352494e+02
1.352494e+02
1.352494e+02
1.352494e+02
1.352494e+02
1.352494e+02
1.352494e+02
1.352494e+02
1.352494e+02
1.352494e+02
1.352494e+02
1.352494e+02
1.352494e+02
1.352494e+02
1.352494e+02
1.352494e+02
1.352494e+02
1.352494e+02
1.352494e+02
1.352494e+02
1.352494e+02
1.352494e+02
1.352494e+02
1.352494e+02
1.352494e+02
1.352494e+02
1.352494e+02
1.352494e+02
1.352494e+02
1.352494e+02
1.352494e+02
1.352494e+02
1.352494e+02
1.352494e+02
1.352494e+02
1.352494e+02
1.352494e+02
1.352494e+02
1.352494e+02
1.352494e+02
1.352494e+02
1.352494e+02
1.352494e+02
1.352494e+02
1.352494e+02
1.352494e+02
1.352494e+02
1.352494e+02
1.352494e+02
1.352494e+02
1.352494e+02
1.352494e+02
1.352494e+02
1.352494e+02
1.352494e+02
1.352494e+02
1.352494e+02
1.352494e+02
1.352494e+02
1.352494e+02
1.352494e+02
1.352494e+02
1.352494e+02
1.352494e+02
1.352494e+02
1.352494e+02
1.352494e+02
1.352494e+02
1.352494e+02
1.352494e+02
1.352494e+02
1.352494e+02
1.352494e+02
1.352494e+02
1.352494e+02
1.352494e+02
1.352494e+02
1.352494e+02
1.352494e+02
1.352494e+02
1.352494e+02
1.352494e+02
1.352494e+02
1.352494e+02
1.352494e+02
1.352494e+02
1.172390e+02
1.172390e+02
1.172390e+02
1.172390e+02
1.172390e+02
1.172390e+02
1.172390e+02
1.172390e+02
1.172390e+02
1.172390e+02
1.172390e+02
1.172390e+02
1.172390e+02
1.172390e+02
1.172390e+02
1.172390e+02
1.172390e+02
1.172390e+02
1.172390e+02
1.172390e+02
1.172390e+02
1.172390e+02
1.172390e+02
1.172390e+02
1.172390e+02
1.160964e+02
1.160964e+02
1.160964e+02
1.160964e+02
1.160964e+02
1.160964e+02
1.160964e+02
1.160964e+02
1.160964e+02
1.160964e+02
1.160964e+02
1.160964e+02
1.160964e+02
1.160964e+02
1.160964e+02
1.160964e+02
1.160964e+02
1.160964e+02
1.160964e+02
1.160964e+02
1.160964e+02
1.160964e+02
1.160964e+02
1.160964e+02
1.160964e+02
1.160964e+02
1.160964e+02
1.160964e+02
1.160964e+02
1.160964e+02
1.160964e+02
1.160964e+02
1.160964e+02
1.160964e+02
1.160964e+02
1.160964e+02
1.160964e+02
1.160964e+02
1.160964e+02
1.160964e+02
1.160964e+02
1.160964e+02
1.160964e+02
1.160964e+02
1.160964e+02
1.160964e+02
1.160964e+02
1.160964e+02
1.160964e+02
1.160964e+02
1.160964e+02
1.160964e+02
1.160964e+02
1.160964e+02
1.160964e+02
1.160964e+02
1.160964e+02
1.160964e+02
1.160964e+02
1.160964e+02
1.160964e+02
1.160964e+02
1.160964e+02
1.160964e+02
1.160964e+02
1.160964e+02
1.160964e+02
1.064298e+02
1.064298e+02
1.064298e+02
1.064298e+02
1.064298e+02
1.064298e+02
1.064298e+02
1.064298e+02
1.064298e+02
1.064298e+02
1.064298e+02
1.064298e+02
1.064298e+02
1.064298e+02
1.064298e+02
1.064298e+02
1.064298e+02
1.064298e+02
1.064298e+02
1.064298e+02
1.064298e+02
1.064298e+02
1.064298e+02
1.064298e+02
1.064298e+02
1.064298e+02
1.064298e+02
1.064298e+02
1.064298e+02
1.064298e+02
1.064298e+02
1.064298e+02
1.064298e+02
1.064298e+02
1.064298e+02
1.064298e+02
1.064298e+02
1.064298e+02
1.064298e+02
1.064298e+02
1.064298e+02
1.064298e+02
1.058976e+02
1.058976e+02
1.058976e+02
1.058976e+02
1.058976e+02
1.058976e+02
1.058976e+02
1.058976e+02
1.058976e+02
1.058976e+02
1.058976e+02
1.058976e+02
1.058976e+02
1.047312e+02
1.047312e+02
1.047312e+02
1.047312e+02
1.047312e+02
1.047312e+02
1.047312e+02
1.047312e+02
1.047312e+02
1.047312e+02
1.047312e+02
1.047312e+02
1.047312e+02
9.970590e+01
9.970590e+01
9.970590e+01
9.970590e+01
9.970590e+01
9.970590e+01
9.970590e+01
9.970590e+01
9.970590e+01
9.970590e+01
9.970590e+01
9.970590e+01
9.970590e+01
9.970590e+01
9.970590e+01
9.970590e+01
9.970590e+01
9.970590e+01
9.970590e+01
9.970590e+01
9.970590e+01
9.970590e+01
9.970590e+01
9.970590e+01
9.970590e+01
9.970590e+01
9.970590e+01
9.970590e+01
9.970590e+01
9.970590e+01
9.970590e+01
9.970590e+01
9.970590e+01
9.970590e+01
9.970590e+01
9.970590e+01
9.970590e+01
9.970590e+01
9.970590e+01
9.970590e+01
9.970590e+01
9.970590e+01
9.970590e+01
9.970590e+01
9.970590e+01
9.970590e+01
9.970590e+01
9.970590e+01
9.427478e+01
9.427478e+01
9.427478e+01
9.427478e+01
9.427478e+01
9.427478e+01
9.427478e+01
9.427478e+01
9.427478e+01
9.427478e+01
9.427478e+01
9.427478e+01
9.427478e+01
9.427478e+01
9.427478e+01
9.427478e+01
9.427478e+01
9.427478e+01
9.427478e+01
9.427478e+01
9.427478e+01
9.427478e+01
9.427478e+01
9.427478e+01
9.427478e+01
9.427478e+01
9.427478e+01
9.427478e+01
9.427478e+01
9.427478e+01
9.427478e+01
9.427478e+01
9.427478e+01
9.427478e+01
9.427478e+01
9.427478e+01
9.427478e+01
9.427478e+01
9.427478e+01
9.427478e+01
9.427478e+01
9.427478e+01
9.427478e+01
9.427478e+01
9.427478e+01
9.427478e+01
9.427478e+01
9.427478e+01
9.427478e+01
9.427478e+01
9.427478e+01
9.427478e+01
9.427478e+01
9.427478e+01
9.427478e+01
9.321363e+01
9.321363e+01
9.321363e+01
9.321363e+01
9.321363e+01
9.321363e+01
9.321363e+01
9.321363e+01
9.321363e+01
9.321363e+01
9.321363e+01
9.321363e+01
9.321363e+01
9.321363e+01
9.321363e+01
9.321363e+01
9.321363e+01
9.321363e+01
9.321363e+01
9.321363e+01
9.321363e+01
9.321363e+01
9.321363e+01
9.321363e+01
9.321363e+01
9.321363e+01
9.321363e+01
9.321363e+01
8.859052e+01
8.859052e+01
8.859052e+01
8.859052e+01
8.859052e+01
8.859052e+01
8.859052e+01
8.859052e+01
8.859052e+01
8.859052e+01
8.859052e+01
8.859052e+01
8.762710e+01
8.762710e+01
8.762710e+01
8.731096e+01
8.731096e+01
8.731096e+01
8.731096e+01
8.731096e+01
8.731096e+01
8.731096e+01
8.731096e+01
8.731096e+01
8.731096e+01
8.731096e+01
8.731096e+01
8.731096e+01
8.731096e+01
8.731096e+01
8.731096e+01
8.731096e+01
8.731096e+01
8.731096e+01
8.731096e+01
8.731096e+01
8.731096e+01
8.731096e+01
8.731096e+01
8.731096e+01
8.731096e+01
8.731096e+01
8.731096e+01
8.731096e+01
8.731096e+01
8.454246e+01
8.454246e+01
8.454246e+01
8.454246e+01
8.454246e+01
8.454246e+01
8.454246e+01
8.454246e+01
8.454246e+01
8.454246e+01
8.454246e+01
8.454246e+01
8.454246e+01
8.454246e+01
8.454246e+01
8.454246e+01
8.454246e+01
8.454246e+01
8.454246e+01
8.454246e+01
8.454246e+01
8.454246e+01
8.454246e+01
8.454246e+01
8.454246e+01
8.454246e+01
8.454246e+01
8.454246e+01
8.454246e+01
8.454246e+01
8.454246e+01
8.454246e+01
8.454246e+01
8.454246e+01
8.454246e+01
8.454246e+01
8.454246e+01
8.454246e+01
8.454246e+01
8.454246e+01
8.454246e+01
8.454246e+01
8.454246e+01
8.454246e+01
8.454246e+01
8.454246e+01
8.454246e+01
8.454246e+01
8.454246e+01
8.454246e+01
8.454246e+01
8.454246e+01
8.454246e+01
8.454246e+01
8.454246e+01
8.454246e+01
8.454246e+01
8.454246e+01
8.454246e+01
8.454246e+01
8.454246e+01
8.454246e+01
8.454246e+01
8.454246e+01
8.454246e+01
8.454246e+01
8.454246e+01
8.454246e+01
8.454246e+01
8.454246e+01
8.454246e+01
8.454246e+01
8.454246e+01
8.454246e+01
8.454246e+01
8.454246e+01
8.454246e+01
8.454246e+01
8.454246e+01
8.434660e+01
8.434660e+01
8.434660e+01
8.434660e+01
8.434660e+01
8.434660e+01
8.434660e+01
8.434660e+01
8.434660e+01
8.434660e+01
8.434660e+01
8.434660e+01
8.434660e+01
8.434660e+01
8.434660e+01
8.434660e+01
8.434660e+01
8.434660e+01
8.434660e+01
8.434660e+01
8.434660e+01
6.857179e+01
6.857179e+01
6.857179e+01
6.857179e+01
6.857179e+01
6.857179e+01
6.857179e+01
6.857179e+01
6.857179e+01
6.857179e+01
6.857179e+01
6.857179e+01
6.857179e+01
6.857179e+01
6.857179e+01
6.857179e+01
6.857179e+01
6.857179e+01
6.857179e+01
6.857179e+01
6.857179e+01
6.857179e+01
6.857179e+01
6.857179e+01
6.857179e+01
6.857179e+01
6.857179e+01
6.857179e+01
6.857179e+01
6.857179e+01
6.857179e+01
6.857179e+01
6.857179e+01
6.857179e+01
6.857179e+01
6.857179e+01
6.857179e+01
6.857179e+01
6.857179e+01
6.857179e+01
6.857179e+01
6.857179e+01
6.857179e+01
6.857179e+01
6.857179e+01
6.857179e+01
6.857179e+01
6.857179e+01
6.857179e+01
6.857179e+01
6.857179e+01
6.857179e+01
6.857179e+01
6.857179e+01
6.329087e+01
6.329087e+01
6.329087e+01
6.329087e+01
6.313034e+01
6.313034e+01
6.313034e+01
6.313034e+01
6.103169e+01
6.103169e+01
6.103169e+01
6.103169e+01
6.103169e+01
6.103169e+01
6.103169e+01
6.103169e+01
6.103169e+01
6.103169e+01
6.103169e+01
6.103169e+01
6.103169e+01
6.103169e+01
6.103169e+01
6.103169e+01
6.103169e+01
6.103169e+01
6.103169e+01
6.103169e+01
6.103169e+01
5.310280e+01
5.310280e+01
5.310280e+01
5.310280e+01
5.310280e+01
5.310280e+01
5.310280e+01
5.310280e+01
5.310280e+01
5.310280e+01
5.310280e+01
5.310280e+01
5.310280e+01
5.310280e+01
5.310280e+01
5.310280e+01
5.310280e+01
5.310280e+01
5.310280e+01
5.310280e+01
5.310280e+01
5.310280e+01
5.310280e+01
5.310280e+01
5.310280e+01
5.310280e+01
5.310280e+01
5.310280e+01
5.310280e+01
5.310280e+01
5.310280e+01
5.310280e+01
5.310280e+01
5.310280e+01
5.310280e+01
5.310280e+01
5.310280e+01
5.310280e+01
5.310280e+01
5.310280e+01
5.310280e+01
5.310280e+01
5.310280e+01
5.310280e+01
5.310280e+01
5.310280e+01
5.310280e+01
5.310280e+01
5.310280e+01
5.310280e+01
5.310280e+01
5.310280e+01
5.310280e+01
5.310280e+01
5.310280e+01
5.310280e+01
5.310280e+01
5.310280e+01
5.310280e+01
5.310280e+01
5.310280e+01
5.310280e+01
5.310280e+01
5.310280e+01
5.310280e+01
5.310280e+01
5.310280e+01
5.310280e+01
5.310280e+01
5.310280e+01
5.310280e+01
5.310280e+01
5.310280e+01
5.310280e+01
5.310280e+01
5.310280e+01
5.310280e+01
5.310280e+01
5.310280e+01
5.310280e+01
5.310280e+01
5.310280e+01
5.310280e+01
5.310280e+01
5.310280e+01
5.310280e+01
5.310280e+01
5.229029e+01
5.229029e+01
5.229029e+01
5.229029e+01
5.229029e+01
5.229029e+01
5.229029e+01
5.229029e+01
5.229029e+01
5.229029e+01
5.229029e+01
5.229029e+01
5.229029e+01
5.229029e+01
5.229029e+01
5.229029e+01
5.229029e+01
5.229029e+01
5.222974e+01
5.222974e+01
5.209825e+01
5.209825e+01
5.209825e+01
5.209825e+01
5.209825e+01
5.209825e+01
5.209825e+01
5.209825e+01
5.209825e+01
5.209825e+01
5.209825e+01
5.209825e+01
5.209825e+01
5.209825e+01
5.209825e+01
5.209825e+01
5.209825e+01
5.209825e+01
5.209825e+01
5.209825e+01
5.209825e+01
5.209825e+01
5.209825e+01
5.209825e+01
5.191921e+01
5.191921e+01
5.191921e+01
5.191921e+01
5.191921e+01
5.191921e+01
5.191921e+01
5.176984e+01
5.176984e+01
5.176984e+01
5.176984e+01
5.176984e+01
5.176984e+01
5.176984e+01
5.176984e+01
5.176984e+01
5.176984e+01
5.176984e+01
5.176984e+01
5.176984e+01
5.176984e+01
5.176984e+01
5.176984e+01
5.176984e+01
5.176984e+01
5.176984e+01
5.176984e+01
5.176984e+01
5.176984e+01
5.176984e+01
5.176984e+01
5.176984e+01
5.176984e+01
5.176984e+01
5.176984e+01
5.176984e+01
5.176984e+01
5.176984e+01
5.176984e+01
5.176984e+01
5.176984e+01
5.176984e+01
5.176984e+01
5.176984e+01
5.176984e+01
5.176984e+01
5.176984e+01
5.176984e+01
5.176984e+01
5.176984e+01
5.176984e+01
5.176984e+01
5.176984e+01
5.176984e+01
5.176984e+01
5.176984e+01
5.176984e+01
5.176984e+01
5.176984e+01
5.176984e+01
5.176984e+01
5.176984e+01
5.176984e+01
5.176984e+01
5.176984e+01
5.176984e+01
5.176984e+01
5.176984e+01
5.176984e+01
5.176984e+01
5.176984e+01
5.176984e+01
5.176984e+01
5.176984e+01
5.176984e+01
5.176984e+01
5.176984e+01
5.176984e+01
5.176984e+01
5.176984e+01
5.176984e+01
5.176984e+01
5.176984e+01
5.176984e+01
5.176984e+01
5.176984e+01
5.176984e+01
5.176984e+01
5.176984e+01
5.176984e+01
5.176984e+01
5.176984e+01
5.176984e+01
5.176984e+01
5.176984e+01
5.176984e+01
5.176984e+01
5.176984e+01
5.176984e+01
5.176984e+01
5.176984e+01
5.176984e+01
5.176984e+01
5.176984e+01
5.176984e+01
5.176984e+01
5.176984e+01
5.176984e+01
5.176984e+01
5.176984e+01
5.176984e+01
5.176984e+01
5.176984e+01
5.176984e+01
5.176984e+01
5.176984e+01
5.176984e+01
5.176984e+01
5.176984e+01
5.176984e+01
5.176984e+01
5.176984e+01
5.176984e+01
5.176984e+01
5.176984e+01
5.176984e+01
5.176984e+01
5.176984e+01
5.176984e+01
5.176984e+01
5.176984e+01
5.176984e+01
5.176984e+01
5.176984e+01
5.176984e+01
5.176984e+01
5.176984e+01
5.176984e+01
5.176984e+01
5.176984e+01
5.176984e+01
5.176984e+01
5.176984e+01
5.176984e+01
5.176984e+01
5.176984e+01
5.176984e+01
5.176984e+01
5.176984e+01
5.176984e+01
5.176984e+01
5.176984e+01
5.176984e+01
5.176984e+01
5.176984e+01
5.176984e+01
5.176984e+01
5.176984e+01
5.176984e+01
5.176984e+01
5.176984e+01
5.176984e+01
5.176984e+01
5.176984e+01
5.176984e+01
5.176984e+01
5.176984e+01
5.176984e+01
5.176984e+01
5.176984e+01
5.176984e+01
5.176984e+01
5.176984e+01
5.176984e+01
5.176984e+01
5.176984e+01
5.176984e+01
5.176984e+01
5.176984e+01
5.176984e+01
5.176984e+01
5.176984e+01
5.176984e+01
5.176984e+01
5.176984e+01
5.176984e+01
5.176984e+01
5.176984e+01
5.176984e+01
5.176984e+01
5.176984e+01
5.176984e+01
5.176984e+01
5.176984e+01
5.176984e+01
5.176984e+01
5.176984e+01
5.176984e+01
5.176984e+01
5.176984e+01
5.176984e+01
5.176984e+01
5.176984e+01
5.176984e+01
5.176984e+01
5.176984e+01
5.176984e+01
5.176984e+01
5.176984e+01
5.176984e+01
5.176984e+01
5.176984e+01
5.176984e+01
5.176984e+01
5.176984e+01
5.176984e+01
5.176984e+01
5.176984e+01
5.176984e+01
5.176984e+01
5.176984e+01
5.176984e+01
5.176984e+01
5.176984e+01
5.176984e+01
5.176984e+01
5.176984e+01
5.176984e+01
5.176984e+01
5.176984e+01
5.176984e+01
5.176984e+01
5.176984e+01
5.176984e+01
5.176984e+01
5.176984e+01
5.176984e+01
5.176984e+01
5.176984e+01
5.176984e+01
5.176984e+01
5.176984e+01
5.176984e+01
5.176984e+01
5.176984e+01
5.176984e+01
5.176984e+01
5.176984e+01
5.176984e+01
5.176984e+01
5.176984e+01
5.176984e+01
5.176984e+01
5.176984e+01
5.176984e+01
5.176984e+01
5.176984e+01
5.176984e+01
5.176984e+01
5.176984e+01
5.176984e+01
5.176984e+01
5.176984e+01
5.176984e+01
5.176984e+01
5.176984e+01
5.176984e+01
5.176984e+01
5.176984e+01
5.176984e+01
5.176984e+01
5.176984e+01
5.176984e+01
5.176984e+01
5.176984e+01
5.176984e+01
5.176984e+01
5.176984e+01
5.176984e+01
5.176984e+01
5.176984e+01
5.176984e+01
5.176984e+01
5.108274e+01
5.108274e+01
5.108274e+01
5.108274e+01
5.108274e+01
5.108274e+01
5.108274e+01
5.108274e+01
5.108274e+01
5.108274e+01
5.108274e+01
5.108274e+01
5.108274e+01
5.108274e+01
5.108274e+01
5.108274e+01
5.108274e+01
5.108274e+01
5.108274e+01
5.108274e+01
5.108274e+01
5.108274e+01
5.108274e+01
5.108274e+01
5.108274e+01
5.108274e+01
5.108274e+01
5.108274e+01
5.108274e+01
5.108274e+01
5.108274e+01
5.108274e+01
5.108274e+01
5.108274e+01
5.108274e+01
5.108274e+01
5.108274e+01
5.108274e+01
5.108274e+01
5.108274e+01
5.108274e+01
5.108274e+01
5.108274e+01
5.108274e+01
5.108274e+01
5.108274e+01
5.108274e+01
5.108274e+01
5.108274e+01
5.108274e+01
5.108274e+01
5.108274e+01
5.108274e+01
5.108274e+01
5.108274e+01
5.108274e+01
5.108274e+01
5.108274e+01
5.108274e+01
5.108274e+01
4.810157e+01
4.810157e+01
4.810157e+01
4.810157e+01
4.810157e+01
4.810157e+01
4.810157e+01
4.810157e+01
4.810157e+01
4.810157e+01
4.810157e+01
4.810157e+01
4.810157e+01
4.668792e+01
4.668792e+01
4.668792e+01
4.668792e+01
4.668792e+01
4.668792e+01
4.668792e+01
4.668792e+01
4.668792e+01
4.668792e+01
4.668792e+01
4.668792e+01
4.668792e+01
4.668792e+01
4.668792e+01
4.668792e+01
4.668792e+01
4.668792e+01
4.668792e+01
4.668792e+01
4.668792e+01
4.668792e+01
4.668792e+01
4.668792e+01
4.668792e+01
4.668792e+01
4.668792e+01
4.668792e+01
4.668792e+01
4.668792e+01
4.668792e+01
4.668792e+01
4.668792e+01
4.668792e+01
4.668792e+01
4.668792e+01
4.668792e+01
4.668792e+01
4.668792e+01
4.668792e+01
4.668792e+01
4.668792e+01
4.668792e+01
4.668792e+01
4.668792e+01
4.668792e+01
4.668792e+01
4.668792e+01
4.668792e+01
4.668792e+01
4.668792e+01
4.668792e+01
4.668792e+01
4.668792e+01
4.668792e+01
4.668792e+01
4.668792e+01
4.668792e+01
4.668792e+01
4.668792e+01
4.668792e+01
4.668792e+01
4.668792e+01
4.668792e+01
4.668792e+01
4.668792e+01
4.668792e+01
4.668792e+01
4.668792e+01
4.668792e+01
4.668792e+01
4.668792e+01
4.668792e+01
4.668792e+01
4.668792e+01
4.668792e+01
4.668792e+01
4.668792e+01
4.668792e+01
4.668792e+01
4.668792e+01
4.668792e+01
4.668792e+01
4.668792e+01
4.668792e+01
4.668792e+01
4.668792e+01
4.668792e+01
4.668792e+01
4.668792e+01
4.668792e+01
4.668792e+01
4.668792e+01
4.668792e+01
4.668792e+01
4.668792e+01
4.668792e+01
4.668792e+01
4.668792e+01
4.668792e+01
4.668792e+01
4.668792e+01
4.668792e+01
4.668792e+01
4.668792e+01
4.668792e+01
4.668792e+01
4.668792e+01
4.668792e+01
4.668792e+01
4.668792e+01
4.668792e+01
4.668792e+01
4.668792e+01
4.668792e+01
4.668792e+01
4.668792e+01
4.668792e+01
4.668792e+01
4.668792e+01
4.668792e+01
4.668792e+01
4.668792e+01
4.668792e+01
4.668792e+01
4.668792e+01
4.668792e+01
4.668792e+01
4.668792e+01
4.668792e+01
4.668792e+01
4.668792e+01
4.668792e+01
4.668792e+01
4.668792e+01
4.668792e+01
4.668792e+01
4.668792e+01
4.657128e+01
4.657128e+01
4.657128e+01
4.657128e+01
4.657128e+01
4.657128e+01
4.657128e+01
4.657128e+01
4.657128e+01
4.657128e+01
4.657128e+01
4.657128e+01
4.657128e+01
4.657128e+01
4.657128e+01
4.657128e+01
4.657128e+01
4.657128e+01
4.657128e+01
4.657128e+01
4.657128e+01
4.657128e+01
4.657128e+01
4.657128e+01
4.657128e+01
4.657128e+01
4.657128e+01
4.657128e+01
4.657128e+01
4.642289e+01
4.642289e+01
4.642289e+01
4.536878e+01
4.536878e+01
4.536878e+01
4.536878e+01
4.536878e+01
4.536878e+01
4.536878e+01
4.536878e+01
4.536878e+01
4.536878e+01
4.536878e+01
4.536878e+01
4.536878e+01
4.536878e+01
4.536878e+01
4.536878e+01
4.536878e+01
4.536878e+01
4.536878e+01
4.536878e+01
4.536878e+01
4.536878e+01
4.536878e+01
4.536878e+01
4.536878e+01
4.536878e+01
4.536878e+01
4.536878e+01
4.536878e+01
4.536878e+01
4.536878e+01
4.536878e+01
4.536878e+01
4.536878e+01
4.536878e+01
4.534717e+01
4.534717e+01
4.534717e+01
4.534717e+01
4.534717e+01
4.534717e+01
4.534717e+01
4.534717e+01
4.534717e+01
4.534717e+01
4.534717e+01
4.534717e+01
4.534717e+01
4.534717e+01
4.534717e+01
4.534717e+01
4.534717e+01
4.534717e+01
4.534717e+01
4.534717e+01
4.534717e+01
4.534717e+01
4.534717e+01
4.534717e+01
4.534717e+01
4.534717e+01
4.534717e+01
4.534717e+01
4.534717e+01
4.534717e+01
4.534717e+01
4.534717e+01
4.534717e+01
4.534717e+01
4.534717e+01
4.534717e+01
4.534717e+01
4.534717e+01
4.531563e+01
4.453684e+01
4.453684e+01
4.453684e+01
4.453684e+01
4.453684e+01
4.453684e+01
4.453684e+01
4.453684e+01
4.453684e+01
4.453684e+01
4.453684e+01
4.453684e+01
4.453684e+01
4.453684e+01
4.453684e+01
4.453684e+01
4.453684e+01
4.453684e+01
4.453684e+01
4.453684e+01
4.453684e+01
4.453684e+01
4.453684e+01
4.453684e+01
4.453684e+01
4.453684e+01
4.453684e+01
4.453684e+01
4.453684e+01
4.453684e+01
4.453684e+01
4.453684e+01
4.453684e+01
4.453684e+01
4.453684e+01
4.453684e+01
4.453684e+01
4.453684e+01
4.453684e+01
4.453684e+01
4.453684e+01
4.453684e+01
4.453684e+01
4.453684e+01
4.453684e+01
4.453684e+01
4.453684e+01
4.453684e+01
4.453684e+01
4.453684e+01
4.453684e+01
4.453684e+01
4.453684e+01
4.453684e+01
4.453684e+01
4.453684e+01
4.453684e+01
4.453684e+01
4.453684e+01
4.453684e+01
4.453684e+01
4.453684e+01
4.453684e+01
4.453684e+01
4.453684e+01
4.453684e+01
4.453684e+01
4.453684e+01
4.453684e+01
4.453684e+01
4.453684e+01
4.453684e+01
4.453684e+01
4.453684e+01
4.453684e+01
4.453684e+01
4.453684e+01
4.453684e+01
4.453684e+01
4.453684e+01
4.453684e+01
4.453684e+01
4.453684e+01
4.453684e+01
4.453684e+01
4.453684e+01
4.453684e+01
4.453684e+01
4.453684e+01
4.453684e+01
4.453684e+01
4.453684e+01
4.453684e+01
4.453684e+01
4.453684e+01
4.453684e+01
4.453684e+01
4.453684e+01
4.425559e+01
4.425559e+01
4.425559e+01
4.425559e+01
4.425559e+01
4.425559e+01
4.425559e+01
4.425559e+01
4.425559e+01
4.425559e+01
4.425559e+01
4.425559e+01
4.425559e+01
4.425559e+01
4.425559e+01
4.425559e+01
4.425559e+01
4.425559e+01
4.425559e+01
4.425559e+01
4.425559e+01
4.425559e+01
4.425559e+01
4.425559e+01
4.425559e+01
8.557939e+02
8.557939e+02
8.557939e+02
8.557939e+02
8.458361e+02
8.458361e+02
7.968995e+02
7.890207e+02
7.890207e+02
7.890207e+02
7.890207e+02
7.890207e+02
7.890207e+02
7.890207e+02
7.890207e+02
7.858342e+02
7.858342e+02
7.858342e+02
7.858342e+02
7.858342e+02
7.858342e+02
7.858342e+02
7.858342e+02
7.858342e+02
7.858342e+02
7.304696e+02
7.304696e+02
7.304696e+02
7.304696e+02
7.304696e+02
7.304696e+02
7.304696e+02
7.304696e+02
7.304696e+02
7.304696e+02
7.304696e+02
7.304696e+02
7.304696e+02
7.304696e+02
7.266315e+02
7.266315e+02
7.266315e+02
7.266315e+02
7.266315e+02
7.266315e+02
7.266315e+02
7.266315e+02
7.266315e+02
7.266315e+02
7.266315e+02
7.266315e+02
7.266315e+02
7.266315e+02
7.266315e+02
7.266315e+02
7.266315e+02
7.266315e+02
7.266315e+02
7.266315e+02
7.266315e+02
7.266315e+02
7.266315e+02
6.815867e+02
6.740926e+02
6.740926e+02
6.740926e+02
6.740926e+02
6.740926e+02
6.740926e+02
6.734482e+02
6.694310e+02
6.694310e+02
6.694310e+02
6.694310e+02
6.694310e+02
6.694310e+02
6.694310e+02
6.694310e+02
6.438896e+02
6.438896e+02
6.438896e+02
6.438896e+02
6.438896e+02
6.438896e+02
6.438896e+02
6.438896e+02
6.438896e+02
6.438896e+02
6.438896e+02
6.438896e+02
6.438896e+02
6.438896e+02
6.438896e+02
6.438896e+02
6.438896e+02
6.438896e+02
6.438896e+02
6.438896e+02
6.438896e+02
6.438896e+02
6.438896e+02
6.438896e+02
6.438896e+02
6.438896e+02
6.438896e+02
6.438896e+02
6.438896e+02
6.438896e+02
6.438896e+02
6.438896e+02
6.438896e+02
6.438896e+02
6.438896e+02
6.438896e+02
6.438896e+02
6.438896e+02
6.438896e+02
6.438896e+02
6.438896e+02
6.438896e+02
6.438896e+02
6.438896e+02
6.438896e+02
6.438896e+02
6.438896e+02
6.438896e+02
6.438896e+02
6.438896e+02
6.438896e+02
6.438896e+02
6.438896e+02
6.438896e+02
6.438896e+02
6.438896e+02
6.438896e+02
6.438896e+02
6.438896e+02
6.438896e+02
6.438896e+02
6.438896e+02
6.438896e+02
6.438896e+02
6.438896e+02
6.389818e+02
6.389818e+02
6.389818e+02
6.389818e+02
6.389818e+02
6.389818e+02
6.385188e+02
6.385188e+02
6.385188e+02
6.385188e+02
6.385188e+02
6.385188e+02
6.385188e+02
6.385188e+02
6.385188e+02
6.385188e+02
6.333533e+02
6.333533e+02
6.333533e+02
6.333533e+02
6.333533e+02
6.333533e+02
6.333533e+02
6.333533e+02
6.333533e+02
6.333533e+02
6.333533e+02
6.333533e+02
6.333533e+02
6.333533e+02
6.333533e+02
6.333533e+02
6.333533e+02
6.333533e+02
6.333533e+02
6.333533e+02
6.333533e+02
6.333533e+02
6.333533e+02
6.333533e+02
6.333533e+02
6.333533e+02
6.333533e+02
6.333533e+02
6.333533e+02
6.333533e+02
6.333533e+02
6.333533e+02
6.333533e+02
6.333533e+02
6.264345e+02
6.264345e+02
6.264345e+02
6.264345e+02
6.264345e+02
6.248889e+02
6.161420e+02
6.161420e+02
6.119533e+02
6.119533e+02
6.119533e+02
6.119533e+02
6.119533e+02
6.119533e+02
6.119533e+02
6.119533e+02
6.119533e+02
6.119533e+02
6.119533e+02
6.119533e+02
6.119533e+02
6.109375e+02
6.109375e+02
6.109375e+02
6.109375e+02
6.109375e+02
6.109375e+02
6.109375e+02
6.109375e+02
6.109375e+02
6.109375e+02
6.109375e+02
6.109375e+02
6.109375e+02
6.109375e+02
6.109375e+02
6.109375e+02
6.109375e+02
6.109375e+02
6.109375e+02
6.109375e+02
6.109375e+02
6.109375e+02
6.109375e+02
6.109375e+02
6.109375e+02
6.109375e+02
6.109375e+02
6.047274e+02
6.047274e+02
6.047274e+02
6.047274e+02
6.047274e+02
6.047274e+02
6.047274e+02
6.047274e+02
6.003635e+02
6.003635e+02
6.003635e+02
6.003635e+02
6.003635e+02
5.737439e+02
5.737439e+02
5.737439e+02
5.737439e+02
5.737439e+02
5.737439e+02
5.737439e+02
5.737439e+02
5.737439e+02
5.737439e+02
5.737439e+02
5.737439e+02
5.737439e+02
5.737439e+02
5.737439e+02
5.737439e+02
5.737439e+02
5.737439e+02
5.737439e+02
5.737439e+02
5.737439e+02
5.737439e+02
5.737439e+02
5.737439e+02
5.737439e+02
5.737439e+02
5.737439e+02
5.737439e+02
5.737439e+02
5.737439e+02
5.735875e+02
5.735875e+02
5.735875e+02
5.735875e+02
5.735875e+02
5.735875e+02
5.735875e+02
5.735875e+02
5.735875e+02
5.735875e+02
5.735875e+02
5.735875e+02
5.735875e+02
5.735875e+02
5.735875e+02
5.735875e+02
5.735875e+02
5.706242e+02
5.706242e+02
5.706242e+02
5.706242e+02
5.706242e+02
5.706242e+02
5.706242e+02
5.706242e+02
5.706242e+02
5.706242e+02
5.706242e+02
5.706242e+02
5.706242e+02
5.706242e+02
5.706242e+02
5.706242e+02
5.706242e+02
5.706242e+02
5.706242e+02
5.706242e+02
5.706242e+02
5.706242e+02
5.706242e+02
5.706242e+02
5.706242e+02
5.706242e+02
5.706242e+02
5.706242e+02
5.706242e+02
5.706242e+02
5.706242e+02
5.706242e+02
5.706242e+02
5.706242e+02
5.706242e+02
5.706242e+02
5.706242e+02
5.706242e+02
5.706242e+02
5.706242e+02
5.706242e+02
5.706242e+02
5.706242e+02
5.706242e+02
5.706242e+02
5.706242e+02
5.706242e+02
5.706242e+02
5.706242e+02
5.706242e+02
5.706242e+02
5.706242e+02
5.706242e+02
5.706242e+02
5.706242e+02
5.706242e+02
5.706242e+02
5.706242e+02
5.706242e+02
5.706242e+02
5.706242e+02
5.706242e+02
5.706242e+02
5.706242e+02
5.706242e+02
5.519330e+02
5.519330e+02
5.519330e+02
5.519330e+02
5.519330e+02
5.519330e+02
5.519330e+02
5.519330e+02
5.519330e+02
5.519330e+02
5.519330e+02
5.519330e+02
5.519330e+02
5.519330e+02
5.519330e+02
5.519330e+02
5.519330e+02
5.519330e+02
5.519330e+02
5.519330e+02
5.519330e+02
5.519330e+02
5.519330e+02
5.519330e+02
5.519330e+02
5.519330e+02
5.519330e+02
5.519330e+02
5.519330e+02
5.519330e+02
5.519330e+02
5.519330e+02
5.519330e+02
5.519330e+02
5.519330e+02
5.519330e+02
5.519330e+02
5.519330e+02
5.519330e+02
5.519330e+02
5.519330e+02
5.519330e+02
5.519330e+02
5.514333e+02
5.514333e+02
5.514333e+02
5.514333e+02
5.514333e+02
5.514333e+02
5.514333e+02
5.514333e+02
5.514333e+02
5.514333e+02
5.514333e+02
5.514333e+02
5.514333e+02
5.514333e+02
5.514333e+02
5.510518e+02
5.510518e+02
5.510518e+02
5.510518e+02
5.510518e+02
5.510518e+02
5.510518e+02
5.510518e+02
5.510518e+02
5.372117e+02
5.372117e+02
5.372117e+02
5.372117e+02
5.372117e+02
5.372117e+02
5.372117e+02
5.372117e+02
5.372117e+02
5.372117e+02
5.372117e+02
5.372117e+02
5.372117e+02
5.372117e+02
5.372117e+02
5.372117e+02
5.372117e+02
5.372117e+02
5.372117e+02
5.372117e+02
5.372117e+02
5.372117e+02
5.372117e+02
5.372117e+02
5.372117e+02
5.372117e+02
5.372117e+02
5.372117e+02
5.372117e+02
5.372117e+02
5.372117e+02
5.372117e+02
5.372117e+02
5.372117e+02
5.372117e+02
5.372117e+02
5.372117e+02
5.372117e+02
5.372117e+02
5.372117e+02
5.372117e+02
5.372117e+02
5.372117e+02
5.372117e+02
5.372117e+02
5.372117e+02
5.372117e+02
5.372117e+02
5.372117e+02
5.372117e+02
5.372117e+02
5.372117e+02
5.372117e+02
5.372117e+02
5.372117e+02
5.372117e+02
5.372117e+02
5.372117e+02
5.372117e+02
5.372117e+02
5.372117e+02
5.372117e+02
5.372117e+02
5.372117e+02
5.372117e+02
5.372117e+02
5.372117e+02
5.372117e+02
5.372117e+02
5.372117e+02
5.372117e+02
5.372117e+02
5.372117e+02
5.280804e+02
5.280804e+02
5.280804e+02
5.280804e+02
5.280804e+02
5.280804e+02
5.280804e+02
5.280804e+02
5.280804e+02
5.280804e+02
5.280804e+02
5.280804e+02
5.280804e+02
5.280804e+02
5.280804e+02
5.280804e+02
5.280804e+02
5.280804e+02
5.280804e+02
5.280804e+02
5.280804e+02
5.280804e+02
5.280804e+02
5.280804e+02
5.280804e+02
5.280804e+02
5.280804e+02
5.280804e+02
5.280804e+02
5.278900e+02
5.278900e+02
5.278900e+02
5.278900e+02
5.090023e+02
5.090023e+02
5.090023e+02
5.090023e+02
5.090023e+02
5.090023e+02
5.090023e+02
5.090023e+02
5.090023e+02
5.090023e+02
5.090023e+02
5.090023e+02
5.090023e+02
5.090023e+02
5.090023e+02
5.090023e+02
5.090023e+02
5.090023e+02
5.090023e+02
5.090023e+02
5.090023e+02
5.090023e+02
5.090023e+02
5.090023e+02
5.090023e+02
5.090023e+02
5.090023e+02
5.090023e+02
5.090023e+02
5.090023e+02
5.090023e+02
5.090023e+02
5.090023e+02
5.090023e+02
5.090023e+02
5.090023e+02
5.090023e+02
5.090023e+02
5.090023e+02
5.090023e+02
5.090023e+02
5.090023e+02
5.090023e+02
5.090023e+02
5.090023e+02
5.090023e+02
5.090023e+02
5.090023e+02
5.090023e+02
5.090023e+02
5.090023e+02
5.090023e+02
5.090023e+02
5.090023e+02
5.090023e+02
5.090023e+02
5.090023e+02
5.090023e+02
5.090023e+02
5.090023e+02
5.090023e+02
5.090023e+02
5.090023e+02
5.090023e+02
5.090023e+02
5.090023e+02
5.090023e+02
5.090023e+02
5.090023e+02
5.090023e+02
5.090023e+02
5.090023e+02
5.090023e+02
5.090023e+02
5.090023e+02
5.090023e+02
5.090023e+02
5.090023e+02
5.090023e+02
5.090023e+02
5.090023e+02
5.090023e+02
5.090023e+02
5.090023e+02
5.090023e+02
5.090023e+02
5.090023e+02
5.090023e+02
5.090023e+02
5.090023e+02
5.090023e+02
5.089364e+02
5.089364e+02
5.089364e+02
5.089364e+02
5.089364e+02
5.089364e+02
5.089364e+02
5.089364e+02
5.089364e+02
5.089364e+02
5.089364e+02
5.089364e+02
5.089364e+02
5.089364e+02
5.089364e+02
5.089364e+02
5.089364e+02
5.089364e+02
5.089364e+02
4.994891e+02
4.994891e+02
4.994891e+02
4.994891e+02
4.994891e+02
4.994891e+02
4.994891e+02
4.994891e+02
4.994891e+02
4.994891e+02
4.994891e+02
4.994891e+02
4.994891e+02
4.994891e+02
4.994891e+02
4.994891e+02
4.994891e+02
4.994891e+02
4.994891e+02
4.994891e+02
4.994891e+02
4.994891e+02
4.994891e+02
4.994891e+02
4.994891e+02
4.994891e+02
4.994891e+02
4.994891e+02
4.968254e+02
4.968254e+02
4.968254e+02
4.946768e+02
4.946768e+02
4.946768e+02
4.946768e+02
4.946768e+02
4.946768e+02
4.946768e+02
4.946768e+02
4.946768e+02
4.946768e+02
4.946768e+02
4.946768e+02
4.946768e+02
4.946768e+02
4.946768e+02
4.946768e+02
4.946768e+02
4.946768e+02
4.946768e+02
4.946768e+02
4.946768e+02
4.946768e+02
4.946768e+02
4.946768e+02
4.946768e+02
4.946768e+02
4.946768e+02
4.946768e+02
4.946768e+02
4.946768e+02
4.946768e+02
4.946768e+02
4.946768e+02
4.946768e+02
4.946768e+02
4.946768e+02
4.933615e+02
4.933615e+02
4.933615e+02
4.933615e+02
4.933615e+02
4.933615e+02
4.933615e+02
4.933615e+02
4.933615e+02
4.933615e+02
4.933615e+02
4.933615e+02
4.933615e+02
4.933615e+02
4.933615e+02
4.933615e+02
4.933615e+02
4.933615e+02
4.933615e+02
4.933615e+02
4.933615e+02
4.933615e+02
4.933615e+02
4.933615e+02
4.933615e+02
4.933615e+02
4.933615e+02
4.933615e+02
4.933615e+02
4.933615e+02
4.933615e+02
4.933615e+02
4.933615e+02
4.933615e+02
4.933615e+02
4.933615e+02
4.933615e+02
4.933615e+02
4.933615e+02
4.933615e+02
4.933615e+02
4.933615e+02
4.933615e+02
4.933615e+02
4.933615e+02
4.933615e+02
4.933615e+02
4.933615e+02
4.933615e+02
4.933615e+02
4.933615e+02
4.933615e+02
4.933615e+02
4.933615e+02
4.933615e+02
4.933615e+02
4.933615e+02
4.933615e+02
4.933615e+02
4.933615e+02
4.933615e+02
4.933615e+02
4.933615e+02
4.933615e+02
4.933615e+02
4.933615e+02
4.933615e+02
4.933615e+02
4.933615e+02
4.933615e+02
4.933615e+02
4.933615e+02
4.933615e+02
4.933615e+02
4.933615e+02
4.933615e+02
4.933615e+02
4.933615e+02
4.933615e+02
4.933615e+02
4.933615e+02
4.933615e+02
4.933615e+02
4.933615e+02
4.933615e+02
4.933615e+02
4.933615e+02
4.933615e+02
4.933615e+02
4.933615e+02
4.933615e+02
4.933615e+02
4.933615e+02
4.933615e+02
4.933615e+02
4.933615e+02
4.933615e+02
4.933615e+02
4.933615e+02
4.933615e+02
4.933615e+02
4.933615e+02
4.933615e+02
4.933615e+02
4.933615e+02
4.933615e+02
4.933615e+02
4.933615e+02
4.933615e+02
4.933615e+02
4.933615e+02
4.933615e+02
4.933615e+02
4.933615e+02
4.933615e+02
4.933615e+02
4.933615e+02
4.933615e+02
4.933615e+02
4.933615e+02
4.933615e+02
4.930903e+02
4.930903e+02
4.930903e+02
4.930903e+02
4.930903e+02
4.930903e+02
4.930903e+02
4.930903e+02
4.930903e+02
4.930903e+02
4.930758e+02
4.930758e+02
4.930758e+02
4.930758e+02
4.930758e+02
4.930758e+02
4.930758e+02
4.930758e+02
4.930758e+02
4.930758e+02
4.930758e+02
4.930758e+02
4.930758e+02
4.930758e+02
4.930758e+02
4.930758e+02
4.930758e+02
4.930758e+02
4.930758e+02
4.930758e+02
4.930758e+02
4.930758e+02
4.930758e+02
4.930758e+02
4.930758e+02
4.930758e+02
4.930758e+02
4.930758e+02
4.930758e+02
4.930758e+02
4.930758e+02
4.930758e+02
4.930758e+02
4.930758e+02
4.930758e+02
4.930758e+02
4.930758e+02
4.930758e+02
4.930758e+02
4.930758e+02
4.930758e+02
4.930758e+02
4.930758e+02
4.930758e+02
4.930758e+02
4.930758e+02
4.930758e+02
4.930758e+02
4.930758e+02
4.930758e+02
4.930758e+02
4.930758e+02
4.930758e+02
4.930758e+02
4.930758e+02
4.930758e+02
4.930758e+02
4.930758e+02
4.930758e+02
4.930758e+02
4.930758e+02
4.930758e+02
4.930758e+02
4.930758e+02
4.821690e+02
4.821690e+02
4.821690e+02
4.821690e+02
4.821690e+02
4.821690e+02
4.821690e+02
4.821690e+02
4.821690e+02
4.821690e+02
4.821690e+02
4.821690e+02
4.821690e+02
4.821690e+02
4.821690e+02
4.800309e+02
4.800309e+02
4.800309e+02
4.800309e+02
4.800309e+02
4.800309e+02
4.800309e+02
4.800309e+02
4.800309e+02
4.800309e+02
4.800309e+02
4.800309e+02
4.800309e+02
4.800309e+02
4.800309e+02
4.800309e+02
4.800309e+02
4.800309e+02
4.800309e+02
4.800309e+02
4.800309e+02
4.790880e+02
4.790880e+02
4.790880e+02
4.790880e+02
4.790880e+02
4.790880e+02
4.790880e+02
4.790880e+02
4.790880e+02
4.790880e+02
4.790880e+02
4.790880e+02
4.790880e+02
4.790880e+02
4.790880e+02
4.790880e+02
4.790880e+02
4.790880e+02
4.790880e+02
4.790880e+02
4.790880e+02
4.790880e+02
4.790880e+02
4.790880e+02
4.790880e+02
4.790880e+02
4.790880e+02
4.790880e+02
4.790880e+02
4.790880e+02
4.790880e+02
4.790880e+02
4.790880e+02
4.790880e+02
4.790880e+02
4.790880e+02
4.790880e+02
4.790880e+02
4.790880e+02
4.790880e+02
4.790880e+02
4.790880e+02
4.790880e+02
4.790880e+02
4.790880e+02
4.790880e+02
4.790880e+02
4.790880e+02
4.790880e+02
4.790880e+02
4.790880e+02
4.790880e+02
4.790880e+02
4.769904e+02
4.769904e+02
4.769904e+02
4.769904e+02
4.769904e+02
4.769904e+02
4.769904e+02
4.769904e+02
4.769904e+02
4.769904e+02
4.769904e+02
4.769904e+02
4.769904e+02
4.769904e+02
4.769904e+02
4.769904e+02
4.769904e+02
4.769904e+02
4.769904e+02
4.769904e+02
4.769904e+02
4.769904e+02
4.769904e+02
4.769904e+02
4.769904e+02
4.769904e+02
4.769904e+02
4.769904e+02
4.769904e+02
4.769904e+02
4.769904e+02
4.769904e+02
4.769904e+02
4.769904e+02
4.769904e+02
4.769904e+02
4.769904e+02
4.769904e+02
4.769904e+02
4.769904e+02
4.769904e+02
4.769904e+02
4.769904e+02
4.769904e+02
4.769904e+02
4.769904e+02
4.769904e+02
4.769904e+02
4.769904e+02
4.769904e+02
4.769904e+02
4.769904e+02
4.769904e+02
4.769904e+02
4.769904e+02
4.769904e+02
4.699705e+02
4.699705e+02
4.699705e+02
4.699705e+02
4.699705e+02
4.699705e+02
4.699705e+02
4.699705e+02
4.699705e+02
4.699705e+02
4.699705e+02
4.699705e+02
4.699705e+02
4.699705e+02
4.699705e+02
4.699705e+02
4.699705e+02
4.699705e+02
4.699705e+02
4.699705e+02
4.699705e+02
4.699705e+02
4.699705e+02
4.699705e+02
4.699705e+02
4.699705e+02
4.699705e+02
4.699705e+02
4.454362e+02
4.454362e+02
4.454362e+02
4.454362e+02
4.454362e+02
4.454362e+02
4.454362e+02
4.454362e+02
4.454362e+02
4.454362e+02
4.454362e+02
4.454362e+02
4.454362e+02
4.454362e+02
4.454362e+02
4.454362e+02
4.454362e+02
4.454362e+02
4.454362e+02
4.454362e+02
4.454362e+02
4.454362e+02
4.454362e+02
4.439947e+02
4.439947e+02
4.439947e+02
4.439947e+02
4.439947e+02
4.439947e+02
4.439947e+02
4.439947e+02
4.439947e+02
4.439947e+02
4.439947e+02
4.439947e+02
4.439947e+02
4.439947e+02
4.439947e+02
4.439947e+02
4.439947e+02
4.439947e+02
4.439947e+02
4.439947e+02
4.439947e+02
4.439947e+02
4.439947e+02
4.439947e+02
4.439947e+02
4.439947e+02
4.439947e+02
4.439947e+02
4.439947e+02
4.439947e+02
4.439947e+02
4.439947e+02
4.439947e+02
4.439947e+02
4.439947e+02
4.439947e+02
4.439947e+02
4.439947e+02
4.439947e+02
4.439947e+02
4.439947e+02
4.439947e+02
4.439947e+02
4.439947e+02
4.439947e+02
4.439947e+02
4.439947e+02
4.439947e+02
4.439947e+02
4.439947e+02
4.439947e+02
4.439947e+02
4.439947e+02
4.439947e+02
4.439947e+02
4.439947e+02
4.439947e+02
4.439947e+02
4.439947e+02
4.439947e+02
4.439947e+02
4.439947e+02
4.439947e+02
4.439947e+02
4.439947e+02
4.439947e+02
4.439947e+02
4.439947e+02
4.439947e+02
4.439947e+02
4.439947e+02
4.439947e+02
4.439947e+02
4.439947e+02
4.439947e+02
4.439947e+02
4.439947e+02
4.439947e+02
4.439947e+02
4.439947e+02
4.439947e+02
4.439947e+02
4.439947e+02
4.439947e+02
4.439947e+02
4.439947e+02
4.439947e+02
4.439947e+02
4.439947e+02
4.439947e+02
4.439947e+02
4.439947e+02
4.439947e+02
4.439947e+02
4.439947e+02
4.439947e+02
4.439947e+02
4.439947e+02
4.439947e+02
4.439947e+02
4.439947e+02
4.439947e+02
4.439947e+02
4.439947e+02
4.439947e+02
4.439947e+02
4.439947e+02
4.439947e+02
4.439947e+02
4.439947e+02
4.439947e+02
4.439947e+02
4.439947e+02
4.439947e+02
4.439947e+02
4.439947e+02
4.439947e+02
4.439947e+02
4.439947e+02
4.439947e+02
4.439947e+02
4.439947e+02
4.439947e+02
4.439947e+02
4.439947e+02
4.439947e+02
4.439947e+02
4.439947e+02
4.439947e+02
4.439947e+02
4.439947e+02
4.439947e+02
4.439947e+02
4.439947e+02
4.439947e+02
4.439947e+02
4.439947e+02
4.439947e+02
4.439947e+02
4.439947e+02
4.439947e+02
4.439947e+02
4.439947e+02
4.439947e+02
4.439947e+02
4.439947e+02
4.439947e+02
4.439947e+02
4.439947e+02
4.439947e+02
4.439947e+02
4.439947e+02
4.439947e+02
4.439947e+02
4.439947e+02
4.439947e+02
4.439947e+02
4.439947e+02
4.439947e+02
4.439947e+02
4.439947e+02
4.439947e+02
4.438571e+02
4.438571e+02
4.438571e+02
4.438571e+02
4.438571e+02
4.438571e+02
4.438571e+02
4.438571e+02
4.438571e+02
4.438571e+02
4.438571e+02
4.438571e+02
4.438571e+02
4.438571e+02
4.438571e+02
4.438571e+02
4.438571e+02
4.438571e+02
4.438571e+02
4.438571e+02
4.438571e+02
4.438571e+02
4.438571e+02
4.438571e+02
4.438571e+02
4.438571e+02
4.438571e+02
4.438571e+02
4.438571e+02
4.438571e+02
4.438571e+02
4.438571e+02
4.438571e+02
4.438571e+02
4.438571e+02
4.438571e+02
4.438571e+02
4.438571e+02
4.438571e+02
4.438571e+02
4.438571e+02
4.438571e+02
4.438571e+02
4.438571e+02
4.438571e+02
4.438571e+02
4.438571e+02
4.438571e+02
4.438571e+02
4.438571e+02
4.438571e+02
4.438571e+02
4.438571e+02
4.438571e+02
4.438571e+02
4.438571e+02
4.438571e+02
4.438571e+02
4.438571e+02
4.438571e+02
4.438571e+02
4.438571e+02
4.438571e+02
4.438571e+02
4.438571e+02
4.438571e+02
4.438571e+02
4.438571e+02
4.438571e+02
4.344780e+02
4.344780e+02
4.344780e+02
4.344780e+02
4.344780e+02
4.344780e+02
4.344780e+02
4.344780e+02
4.344780e+02
4.344780e+02
4.344780e+02
4.344780e+02
4.344780e+02
4.344780e+02
4.344780e+02
4.344780e+02
4.344780e+02
4.344780e+02
4.344780e+02
4.344780e+02
4.344780e+02
4.344780e+02
4.344780e+02
4.344780e+02
4.344780e+02
4.344780e+02
4.344780e+02
4.344780e+02
4.344780e+02
4.344780e+02
4.344780e+02
4.344780e+02
4.344780e+02
4.344780e+02
4.344780e+02
4.344780e+02
4.344780e+02
4.344780e+02
4.344780e+02
4.344780e+02
4.344780e+02
4.344780e+02
4.344780e+02
4.344780e+02
4.343678e+02
4.343678e+02
4.343678e+02
4.343678e+02
4.343678e+02
4.343678e+02
4.343678e+02
4.343678e+02
4.343678e+02
4.343678e+02
4.343678e+02
4.343678e+02
4.343678e+02
4.343678e+02
4.343678e+02
4.343678e+02
4.343678e+02
4.343678e+02
4.343678e+02
4.343678e+02
4.343678e+02
4.343678e+02
4.343678e+02
4.343678e+02
4.343678e+02
4.343678e+02
4.343678e+02
4.343678e+02
4.343678e+02
4.343678e+02
4.343678e+02
4.343678e+02
4.343678e+02
4.343678e+02
4.343678e+02
4.343678e+02
4.343678e+02
4.343678e+02
4.343678e+02
4.343678e+02
4.343678e+02
4.343678e+02
4.343678e+02
4.343678e+02
4.343678e+02
4.343678e+02
4.343678e+02
4.343678e+02
4.343678e+02
4.343678e+02
4.343678e+02
4.343678e+02
4.343678e+02
4.343678e+02
4.343678e+02
4.343678e+02
4.343678e+02
4.343678e+02
4.343678e+02
4.343678e+02
4.343678e+02
4.343678e+02
4.343678e+02
4.343678e+02
4.343678e+02
4.343678e+02
4.343678e+02
4.343678e+02
4.343678e+02
4.343678e+02
4.343678e+02
4.267622e+02
4.267622e+02
4.267622e+02
4.267622e+02
4.267622e+02
4.267622e+02
4.267622e+02
4.267622e+02
4.267622e+02
4.267622e+02
4.267622e+02
4.267622e+02
4.267622e+02
4.267622e+02
4.267622e+02
4.267622e+02
4.267622e+02
4.267622e+02
4.267622e+02
4.267622e+02
4.267622e+02
4.267622e+02
4.267622e+02
4.267622e+02
4.267622e+02
4.267622e+02
4.267622e+02
4.267622e+02
4.267622e+02
4.267622e+02
4.267622e+02
4.267622e+02
4.267622e+02
4.267622e+02
4.267622e+02
4.267622e+02
4.267622e+02
4.267622e+02
4.267622e+02
4.267622e+02
4.267622e+02
4.261093e+02
4.261093e+02
4.261093e+02
4.261093e+02
4.261093e+02
4.261093e+02
4.261093e+02
4.261093e+02
4.261093e+02
4.261093e+02
4.261093e+02
4.261093e+02
4.261093e+02
4.261093e+02
4.261093e+02
4.261093e+02
4.261093e+02
4.261093e+02
4.261093e+02
4.261093e+02
4.261093e+02
4.261093e+02
4.261093e+02
4.261093e+02
4.261093e+02
4.261093e+02
4.261093e+02
4.261093e+02
4.261093e+02
4.261093e+02
4.261093e+02
4.261093e+02
4.261093e+02
4.261093e+02
4.261093e+02
4.261093e+02
4.261093e+02
4.261093e+02
4.261093e+02
4.261093e+02
4.261093e+02
4.261093e+02
4.261093e+02
4.261093e+02
4.261093e+02
4.261093e+02
4.261093e+02
4.261093e+02
4.261093e+02
4.261093e+02
4.261093e+02
4.261093e+02
4.261093e+02
4.261093e+02
4.261093e+02
4.261093e+02
4.261093e+02
4.261093e+02
4.261093e+02
4.261093e+02
4.261093e+02
4.261093e+02
4.261093e+02
4.261093e+02
4.261093e+02
4.261093e+02
4.261093e+02
4.261093e+02
4.261093e+02
4.261093e+02
4.261093e+02
4.261093e+02
4.261093e+02
4.261093e+02
4.261093e+02
4.261093e+02
4.261093e+02
4.261093e+02
4.261093e+02
4.261093e+02
4.261093e+02
4.261093e+02
4.261093e+02
4.261093e+02
4.261093e+02
4.261093e+02
4.261093e+02
4.261093e+02
4.261093e+02
4.261093e+02
4.261093e+02
4.261093e+02
4.261093e+02
4.261093e+02
4.261093e+02
4.261093e+02
4.261093e+02
4.261093e+02
4.261093e+02
4.261093e+02
4.261093e+02
4.261093e+02
4.261093e+02
4.261093e+02
4.261093e+02
4.261093e+02
4.261093e+02
4.261093e+02
4.261093e+02
4.261093e+02
4.261093e+02
4.261093e+02
4.261093e+02
4.261093e+02
4.261093e+02
4.261093e+02
4.261093e+02
4.261093e+02
4.190710e+02
4.190710e+02
4.190710e+02
4.190710e+02
4.190710e+02
4.190710e+02
4.190710e+02
4.190710e+02
4.190710e+02
4.190710e+02
4.190710e+02
4.190710e+02
4.190710e+02
4.190710e+02
4.190710e+02
4.190710e+02
4.190710e+02
4.190710e+02
4.190710e+02
4.190710e+02
4.190710e+02
4.190710e+02
4.190710e+02
4.190710e+02
4.190710e+02
4.190710e+02
4.190710e+02
4.190710e+02
4.190710e+02
4.190710e+02
4.190710e+02
4.190710e+02
4.190710e+02
4.190710e+02
4.190710e+02
4.190710e+02
4.190710e+02
4.190710e+02
4.190710e+02
4.190710e+02
4.190710e+02
4.190710e+02
4.190710e+02
4.190710e+02
4.190710e+02
4.190710e+02
4.190710e+02
4.190710e+02
4.190710e+02
4.190710e+02
4.190710e+02
4.190710e+02
4.189270e+02
4.189270e+02
4.189270e+02
4.189270e+02
4.189270e+02
4.189270e+02
4.189270e+02
4.189270e+02
4.189270e+02
4.189270e+02
4.189270e+02
4.189270e+02
4.189270e+02
4.189270e+02
4.189270e+02
4.189270e+02
4.189270e+02
4.189270e+02
4.189270e+02
4.189270e+02
4.189270e+02
4.189270e+02
4.189270e+02
4.189270e+02
4.189270e+02
4.189270e+02
4.189270e+02
4.189270e+02
4.189270e+02
4.189270e+02
4.189270e+02
4.189270e+02
4.189270e+02
4.189270e+02
4.189270e+02
4.189270e+02
4.189270e+02
4.189270e+02
4.189270e+02
4.189270e+02
4.189270e+02
4.189270e+02
4.189270e+02
4.189270e+02
4.189270e+02
4.189270e+02
4.189270e+02
4.189270e+02
4.189270e+02
4.189270e+02
4.189270e+02
4.189270e+02
4.189270e+02
4.189270e+02
4.189270e+02
4.189270e+02
4.189270e+02
4.189270e+02
4.189270e+02
4.189270e+02
4.189270e+02
4.189270e+02
4.189270e+02
4.189270e+02
4.189270e+02
4.189270e+02
4.189270e+02
4.189270e+02
4.189270e+02
4.189270e+02
4.189270e+02
4.189270e+02
4.189270e+02
4.189270e+02
4.189270e+02
4.189270e+02
4.189270e+02
4.189270e+02
4.189270e+02
4.189270e+02
4.189270e+02
4.189270e+02
4.189270e+02
4.189270e+02
4.189270e+02
4.189270e+02
4.189270e+02
4.189270e+02
4.189270e+02
4.189270e+02
4.189270e+02
4.189270e+02
4.189270e+02
4.189270e+02
4.189270e+02
4.189270e+02
4.189270e+02
4.189270e+02
4.189270e+02
4.189270e+02
4.189270e+02
4.189270e+02
4.189270e+02
4.189270e+02
4.189270e+02
4.189270e+02
4.189270e+02
4.189270e+02
4.189270e+02
4.189270e+02
4.189270e+02
4.189270e+02
4.189270e+02
4.189270e+02
4.189270e+02
4.189270e+02
4.189270e+02
4.189270e+02
4.189270e+02
4.189270e+02
4.189270e+02
4.189270e+02
4.189270e+02
4.189270e+02
4.189270e+02
4.189270e+02
4.189270e+02
4.189270e+02
4.189270e+02
4.189270e+02
4.189270e+02
4.189270e+02
4.189270e+02
4.189270e+02
4.189270e+02
4.189270e+02
4.189270e+02
4.189270e+02
4.189270e+02
4.189270e+02
4.189270e+02
4.189270e+02
4.189270e+02
4.189270e+02
4.189270e+02
4.189270e+02
4.189270e+02
4.189270e+02
4.189270e+02
4.189270e+02
4.189270e+02
4.189270e+02
4.189270e+02
4.189270e+02
4.189270e+02
4.189270e+02
4.189270e+02
4.189270e+02
4.189270e+02
4.189270e+02
4.189270e+02
4.189270e+02
4.189270e+02
4.189270e+02
4.189270e+02
4.189270e+02
4.189270e+02
4.189270e+02
4.189270e+02
4.189270e+02
4.189270e+02
4.189270e+02
4.189270e+02
4.189270e+02
4.189270e+02
4.189270e+02
4.189270e+02
4.189270e+02
4.189270e+02
4.189270e+02
4.189270e+02
4.189270e+02
4.189270e+02
4.189270e+02
4.189270e+02
4.189270e+02
4.135123e+02
4.135123e+02
4.135123e+02
4.135123e+02
4.135123e+02
4.135123e+02
4.135123e+02
4.135123e+02
4.135123e+02
4.135123e+02
4.135123e+02
4.135123e+02
4.135123e+02
4.135123e+02
4.135123e+02
4.135123e+02
4.135123e+02
4.135123e+02
4.135123e+02
4.135123e+02
4.135123e+02
4.135123e+02
4.135123e+02
4.135123e+02
4.135123e+02
4.135123e+02
4.135123e+02
4.135123e+02
4.135123e+02
4.135123e+02
4.135123e+02
4.135123e+02
4.135123e+02
4.135123e+02
4.135123e+02
4.135123e+02
4.135123e+02
4.135123e+02
4.135123e+02
4.135123e+02
4.135123e+02
4.135123e+02
4.135123e+02
4.135123e+02
4.135123e+02
4.135123e+02
4.135123e+02
4.135123e+02
4.135123e+02
4.135123e+02
4.135123e+02
4.135123e+02
4.135123e+02
4.135123e+02
4.135123e+02
4.135123e+02
4.135123e+02
4.135123e+02
4.135123e+02
4.135123e+02
4.135123e+02
4.135123e+02
4.135123e+02
4.135123e+02
4.135123e+02
4.135123e+02
4.135123e+02
4.135123e+02
4.135123e+02
4.135123e+02
4.135123e+02
4.135123e+02
4.135123e+02
4.135123e+02
4.135123e+02
4.135123e+02
4.135123e+02
4.135123e+02
4.135123e+02
4.135123e+02
4.135123e+02
4.135123e+02
4.135123e+02
4.135123e+02
4.135123e+02
4.135123e+02
4.135123e+02
4.135123e+02
4.135123e+02
4.135123e+02
4.135123e+02
4.135123e+02
4.135123e+02
4.135123e+02
4.135123e+02
4.135123e+02
4.135123e+02
4.135123e+02
4.135123e+02
4.135123e+02
4.135123e+02
4.135123e+02
4.135123e+02
4.135123e+02
4.135123e+02
4.135123e+02
4.135123e+02
4.135123e+02
4.135123e+02
4.135123e+02
4.135123e+02
4.135123e+02
4.135123e+02
4.135123e+02
4.135123e+02
4.135123e+02
4.135123e+02
4.135123e+02
4.135123e+02
4.135123e+02
4.135123e+02
4.135123e+02
4.135123e+02
4.135123e+02
4.135123e+02
4.135123e+02
4.135123e+02
4.135123e+02
4.135123e+02
4.135123e+02
4.135123e+02
4.135123e+02
4.135123e+02
4.135123e+02
4.135123e+02
4.135123e+02
4.079631e+02
4.079631e+02
4.079631e+02
4.079631e+02
4.079631e+02
4.079631e+02
4.079631e+02
4.079631e+02
4.064372e+02
4.064372e+02
4.064372e+02
4.064372e+02
4.064372e+02
4.064372e+02
4.064372e+02
4.064372e+02
4.064372e+02
4.064372e+02
4.064372e+02
4.064372e+02
4.064372e+02
4.064372e+02
4.064372e+02
4.064372e+02
4.064372e+02
4.064372e+02
4.064372e+02
4.064372e+02
4.064372e+02
4.064372e+02
4.064372e+02
4.064372e+02
4.064372e+02
4.064372e+02
4.064372e+02
4.064372e+02
4.064372e+02
4.064372e+02
4.064372e+02
4.064372e+02
4.020603e+02
4.020603e+02
4.020603e+02
4.020603e+02
4.020603e+02
4.020603e+02
4.020603e+02
4.020603e+02
4.020603e+02
4.020603e+02
4.020603e+02
4.020603e+02
4.020603e+02
4.020603e+02
4.020603e+02
4.020603e+02
4.020603e+02
4.020603e+02
4.020603e+02
4.020603e+02
4.020603e+02
4.020603e+02
4.020603e+02
4.020603e+02
4.020603e+02
4.020603e+02
4.020603e+02
4.020603e+02
4.020603e+02
4.020603e+02
4.020603e+02
4.020603e+02
4.020603e+02
4.020603e+02
4.020603e+02
4.020603e+02
4.020603e+02
4.020603e+02
4.020603e+02
4.020603e+02
4.020603e+02
4.020603e+02
4.020603e+02
4.020603e+02
4.020603e+02
4.020603e+02
4.002098e+02
4.002098e+02
4.002098e+02
4.002098e+02
4.002098e+02
4.002098e+02
4.002098e+02
4.002098e+02
4.002098e+02
4.002098e+02
4.002098e+02
4.002098e+02
4.002098e+02
4.002098e+02
4.002098e+02
4.002098e+02
3.964841e+02
3.964841e+02
3.964841e+02
3.964841e+02
3.964841e+02
3.964841e+02
3.964841e+02
3.931853e+02
3.931853e+02
3.931853e+02
3.931853e+02
3.931853e+02
3.931853e+02
3.931853e+02
3.931853e+02
3.931853e+02
3.931853e+02
3.931853e+02
3.931853e+02
3.931853e+02
3.931853e+02
3.931853e+02
3.931853e+02
3.931853e+02
3.931853e+02
3.931853e+02
3.931853e+02
3.931853e+02
3.931853e+02
3.931853e+02
3.931853e+02
3.931853e+02
3.931853e+02
3.931853e+02
3.931853e+02
3.931853e+02
3.931853e+02
3.931853e+02
3.931853e+02
3.931853e+02
3.931853e+02
3.931853e+02
3.931853e+02
3.931853e+02
3.931853e+02
3.931853e+02
3.931853e+02
3.931853e+02
3.931853e+02
3.931853e+02
3.931853e+02
3.931853e+02
3.931853e+02
3.931853e+02
3.931853e+02
3.931853e+02
3.931853e+02
3.931853e+02
3.931853e+02
3.931853e+02
3.931853e+02
3.931853e+02
3.931853e+02
3.931853e+02
3.931853e+02
3.931853e+02
3.931853e+02
3.931853e+02
3.931853e+02
3.931853e+02
3.931853e+02
3.931853e+02
3.931853e+02
3.931853e+02
3.931853e+02
3.931853e+02
3.931853e+02
3.931853e+02
3.931853e+02
3.931853e+02
3.931853e+02
3.931853e+02
3.931853e+02
3.931853e+02
3.931853e+02
3.931853e+02
3.931853e+02
3.931853e+02
3.931853e+02
3.931853e+02
3.931853e+02
3.931853e+02
3.931853e+02
3.931853e+02
3.931853e+02
3.931853e+02
3.931853e+02
3.931853e+02
3.931853e+02
3.931853e+02
3.931853e+02
3.931853e+02
3.931853e+02
3.931853e+02
3.931853e+02
3.931853e+02
3.931853e+02
3.931853e+02
3.931853e+02
3.931853e+02
3.931853e+02
3.931853e+02
3.931853e+02
3.931853e+02
3.931853e+02
3.931853e+02
3.931853e+02
3.931853e+02
3.931853e+02
3.931853e+02
3.931853e+02
3.931853e+02
3.931853e+02
3.931853e+02
3.931853e+02
3.931853e+02
3.931853e+02
3.931853e+02
3.931853e+02
3.931853e+02
3.931853e+02
3.931853e+02
3.931853e+02
3.931853e+02
3.931853e+02
3.931853e+02
3.931853e+02
3.931853e+02
3.931853e+02
3.931853e+02
3.931853e+02
3.931853e+02
3.931853e+02
3.931853e+02
3.931853e+02
3.931853e+02
3.931853e+02
3.931853e+02
3.931853e+02
3.931853e+02
3.931853e+02
3.931853e+02
3.931853e+02
3.931853e+02
3.931853e+02
3.931853e+02
3.931853e+02
3.931853e+02
3.931853e+02
3.931853e+02
3.931853e+02
3.931853e+02
3.931853e+02
3.931853e+02
3.931853e+02
3.931853e+02
3.931853e+02
3.931853e+02
3.931853e+02
3.931853e+02
3.931853e+02
3.931853e+02
3.931853e+02
3.931853e+02
3.931853e+02
3.931853e+02
3.931853e+02
3.931853e+02
3.931853e+02
3.931853e+02
3.931853e+02
3.931853e+02
3.931853e+02
3.931853e+02
3.931853e+02
3.931853e+02
3.931853e+02
3.931853e+02
3.931853e+02
3.931853e+02
3.931853e+02
3.931853e+02
3.931853e+02
3.931853e+02
3.931853e+02
3.931853e+02
3.931853e+02
3.931853e+02
3.931853e+02
3.931853e+02
3.931853e+02
3.931853e+02
3.931853e+02
3.931853e+02
3.931853e+02
3.931853e+02
3.931853e+02
3.931853e+02
3.931853e+02
3.931853e+02
3.931853e+02
3.931853e+02
3.931853e+02
3.931853e+02
3.931853e+02
3.931853e+02
3.931853e+02
3.931853e+02
3.931853e+02
3.931853e+02
3.931853e+02
3.931853e+02
3.931853e+02
3.931853e+02
3.931853e+02
3.931853e+02
3.931853e+02
3.931853e+02
3.931853e+02
3.931853e+02
3.931853e+02
3.931853e+02
3.931853e+02
3.931853e+02
3.931853e+02
3.931853e+02
3.931853e+02
3.931853e+02
3.931853e+02
3.931853e+02
3.931853e+02
3.931853e+02
3.931853e+02
3.931853e+02
3.931853e+02
3.931853e+02
3.931853e+02
3.931853e+02
3.931853e+02
3.931853e+02
3.931853e+02
3.931853e+02
3.931853e+02
3.931853e+02
3.931853e+02
3.931853e+02
3.931853e+02
3.931853e+02
3.931853e+02
3.931853e+02
3.931853e+02
3.931853e+02
3.931853e+02
3.931853e+02
3.931853e+02
3.931853e+02
3.931853e+02
3.931853e+02
3.931853e+02
3.931853e+02
3.931853e+02
3.931853e+02
3.931853e+02
3.931853e+02
3.931853e+02
3.931853e+02
3.931853e+02
3.931853e+02
3.931853e+02
3.931853e+02
3.931853e+02
3.931853e+02
3.931853e+02
3.931853e+02
3.931853e+02
3.931853e+02
3.931853e+02
3.931853e+02
3.931853e+02
3.931853e+02
3.931853e+02
3.931853e+02
3.931853e+02
3.931853e+02
3.931853e+02
3.931853e+02
3.931853e+02
3.931853e+02
3.931853e+02
3.931853e+02
3.931853e+02
3.931853e+02
3.931853e+02
3.931853e+02
3.931853e+02
3.931853e+02
3.931853e+02
3.931853e+02
3.931853e+02
3.931853e+02
3.931853e+02
3.931853e+02
3.931853e+02
3.931853e+02
3.931853e+02
3.931853e+02
3.931853e+02
3.931853e+02
3.931853e+02
3.931853e+02
3.931853e+02
3.931853e+02
3.931853e+02
3.931853e+02
3.931853e+02
3.931853e+02
3.931853e+02
3.931853e+02
3.931853e+02
3.931853e+02
3.931853e+02
3.931853e+02
3.931853e+02
3.931853e+02
3.931853e+02
3.931853e+02
3.931853e+02
3.931853e+02
3.931853e+02
3.931853e+02
3.931853e+02
3.931853e+02
3.931853e+02
3.931853e+02
3.931853e+02
3.931853e+02
3.931853e+02
3.931853e+02
3.931853e+02
3.931853e+02
3.931853e+02
3.931853e+02
3.931853e+02
3.931853e+02
3.931853e+02
3.931853e+02
3.931853e+02
3.931853e+02
3.931853e+02
3.931853e+02
3.931853e+02
3.931853e+02
3.931853e+02
3.919544e+02
3.919544e+02
3.919544e+02
3.919544e+02
3.919544e+02
3.919544e+02
3.919544e+02
3.919544e+02
3.919544e+02
3.919544e+02
3.919544e+02
3.919544e+02
3.919544e+02
3.919544e+02
3.919544e+02
3.919544e+02
3.919544e+02
3.919544e+02
3.919544e+02
3.919544e+02
3.919544e+02
3.919544e+02
3.919544e+02
3.919544e+02
3.919544e+02
3.919544e+02
3.919544e+02
3.919544e+02
3.919544e+02
3.919544e+02
3.919544e+02
3.919544e+02
3.919544e+02
3.919544e+02
3.919544e+02
3.919544e+02
3.919544e+02
3.919544e+02
3.919544e+02
3.919544e+02
3.919544e+02
3.919544e+02
3.919544e+02
3.919544e+02
3.919544e+02
3.919544e+02
3.919544e+02
3.919544e+02
3.919544e+02
3.919544e+02
3.919544e+02
3.919544e+02
3.919544e+02
3.919544e+02
3.919544e+02
3.919544e+02
3.919544e+02
3.919544e+02
3.919544e+02
3.919544e+02
3.919544e+02
3.919544e+02
3.919544e+02
3.919544e+02
3.919544e+02
3.919544e+02
3.919544e+02
3.919544e+02
3.919544e+02
3.919544e+02
3.919544e+02
3.919544e+02
3.919544e+02
3.919544e+02
3.919544e+02
3.919544e+02
3.919544e+02
3.919544e+02
3.919544e+02
3.919544e+02
3.919544e+02
3.919544e+02
3.919544e+02
3.919544e+02
3.919544e+02
3.919544e+02
3.919544e+02
3.919544e+02
3.919544e+02
3.919544e+02
3.919544e+02
3.919544e+02
3.919544e+02
3.919544e+02
3.919544e+02
3.919544e+02
3.919544e+02
3.919544e+02
3.919544e+02
3.919544e+02
3.919544e+02
3.919544e+02
3.919544e+02
3.919544e+02
3.919544e+02
3.919544e+02
3.919544e+02
3.919544e+02
3.919544e+02
3.919544e+02
3.919544e+02
3.919544e+02
3.919544e+02
3.919544e+02
3.919544e+02
3.919544e+02
3.919544e+02
3.919544e+02
3.919544e+02
3.919544e+02
3.919544e+02
3.919544e+02
3.919544e+02
3.919544e+02
3.919544e+02
3.919544e+02
3.919544e+02
3.919544e+02
3.919544e+02
3.919544e+02
3.919544e+02
3.919544e+02
3.919544e+02
3.919544e+02
3.919544e+02
3.919544e+02
3.919544e+02
3.919544e+02
3.919544e+02
3.919544e+02
3.919544e+02
3.919544e+02
3.919544e+02
3.919544e+02
3.919544e+02
3.919544e+02
3.919544e+02
3.919544e+02
3.919544e+02
3.919544e+02
3.919544e+02
3.919544e+02
3.919544e+02
3.919544e+02
3.919544e+02
3.919544e+02
3.919544e+02
3.919544e+02
3.919544e+02
3.919544e+02
3.919544e+02
3.919544e+02
3.919544e+02
3.919544e+02
3.919544e+02
3.919544e+02
3.919544e+02
3.919544e+02
3.919544e+02
3.919544e+02
3.919544e+02
3.919544e+02
3.919544e+02
3.919544e+02
3.919544e+02
3.919544e+02
3.919544e+02
3.919544e+02
3.919544e+02
3.919544e+02
3.919544e+02
3.919544e+02
3.919544e+02
3.919544e+02
3.919544e+02
3.919544e+02
3.919544e+02
3.919544e+02
3.919544e+02
3.919544e+02
3.919544e+02
3.919544e+02
3.919544e+02
3.919544e+02
3.919544e+02
3.919544e+02
3.919544e+02
3.919544e+02
3.919544e+02
3.919544e+02
3.919544e+02
3.919544e+02
3.919544e+02
3.919544e+02
3.919544e+02
3.919544e+02
3.919544e+02
3.919544e+02
3.919544e+02
3.919544e+02
3.919544e+02
3.919544e+02
3.919544e+02
3.919544e+02
3.919544e+02
3.919544e+02
3.919544e+02
3.919544e+02
3.919544e+02
3.805392e+02
3.805392e+02
3.805392e+02
3.805392e+02
3.805392e+02
3.805392e+02
3.805392e+02
3.805392e+02
3.805392e+02
3.805392e+02
3.805392e+02
3.805392e+02
3.805392e+02
3.805392e+02
3.805392e+02
3.805392e+02
3.805392e+02
3.805392e+02
3.805392e+02
3.805392e+02
3.805392e+02
3.805392e+02
3.805392e+02
3.805392e+02
3.805392e+02
3.805392e+02
3.805392e+02
3.805392e+02
3.805392e+02
3.805392e+02
3.805392e+02
3.805392e+02
3.805392e+02
3.805392e+02
3.805392e+02
3.805392e+02
3.805392e+02
3.805392e+02
3.805392e+02
3.805392e+02
3.805392e+02
3.805392e+02
3.805392e+02
3.805392e+02
3.805392e+02
3.805392e+02
3.805392e+02
3.805392e+02
3.805392e+02
3.805392e+02
3.805392e+02
3.805392e+02
3.805392e+02
3.805392e+02
3.805392e+02
3.805392e+02
3.805392e+02
3.805392e+02
3.805392e+02
3.805392e+02
3.805392e+02
3.805392e+02
3.805392e+02
3.805392e+02
3.805392e+02
3.805392e+02
3.805392e+02
3.805392e+02
3.805392e+02
3.805392e+02
3.805392e+02
3.805392e+02
3.805392e+02
3.805392e+02
3.805392e+02
3.805392e+02
3.805392e+02
3.805392e+02
3.805392e+02
3.805392e+02
3.679608e+02
3.679608e+02
3.679608e+02
3.679608e+02
3.679608e+02
3.679608e+02
3.679608e+02
3.679608e+02
3.679608e+02
3.679608e+02
3.679608e+02
3.679608e+02
3.679608e+02
3.679608e+02
3.679608e+02
3.679608e+02
3.679608e+02
3.679608e+02
3.679608e+02
3.679608e+02
3.679608e+02
3.679608e+02
3.679608e+02
3.679608e+02
3.679608e+02
3.679608e+02
3.679608e+02
3.679608e+02
3.679608e+02
3.679608e+02
3.679608e+02
3.679608e+02
3.679608e+02
3.679608e+02
3.679608e+02
3.679608e+02
3.679608e+02
3.679608e+02
3.679608e+02
3.679608e+02
3.679608e+02
3.668436e+02
3.668436e+02
3.668436e+02
3.668436e+02
3.668436e+02
3.668436e+02
3.668436e+02
3.668436e+02
3.668436e+02
3.668436e+02
3.668436e+02
3.668436e+02
3.668436e+02
3.668436e+02
3.668436e+02
3.668436e+02
3.668436e+02
3.668436e+02
3.668436e+02
3.668436e+02
3.668436e+02
3.668436e+02
3.668436e+02
3.668436e+02
3.668436e+02
3.668436e+02
3.668436e+02
3.668436e+02
3.668436e+02
3.668436e+02
3.668436e+02
3.668436e+02
3.668436e+02
3.668436e+02
3.668436e+02
3.668436e+02
3.668436e+02
3.668436e+02
3.668436e+02
3.668436e+02
3.668436e+02
3.668436e+02
3.668436e+02
3.668436e+02
3.668436e+02
3.668436e+02
3.668436e+02
3.668436e+02
3.668436e+02
3.668436e+02
3.668436e+02
3.668436e+02
3.668436e+02
3.668436e+02
3.668436e+02
3.668436e+02
3.668436e+02
3.668436e+02
3.668436e+02
3.668436e+02
3.668436e+02
3.668436e+02
3.668436e+02
3.668436e+02
3.668436e+02
3.668436e+02
3.668436e+02
3.668436e+02
3.668436e+02
3.668436e+02
3.668436e+02
3.668436e+02
3.668436e+02
3.668436e+02
3.668436e+02
3.668436e+02
3.668436e+02
3.668436e+02
3.668436e+02
3.668436e+02
3.668436e+02
3.668436e+02
3.668436e+02
3.668436e+02
3.668436e+02
3.668436e+02
3.668436e+02
3.668436e+02
3.668436e+02
3.668436e+02
3.668436e+02
3.668436e+02
3.668436e+02
3.668436e+02
3.668436e+02
3.668436e+02
3.668436e+02
3.668436e+02
3.668436e+02
3.668436e+02
3.668436e+02
3.668436e+02
3.668436e+02
3.668436e+02
3.668436e+02
3.668436e+02
3.668436e+02
3.668436e+02
3.647813e+02
3.647813e+02
3.647813e+02
3.647813e+02
3.647813e+02
3.647813e+02
3.647813e+02
3.647813e+02
3.647813e+02
3.647813e+02
3.647813e+02
3.647813e+02
3.647813e+02
3.647813e+02
3.647813e+02
3.647813e+02
3.647813e+02
3.647813e+02
3.647813e+02
3.647813e+02
3.586397e+02
3.586397e+02
3.586397e+02
3.586397e+02
3.586397e+02
3.586397e+02
3.586397e+02
3.586397e+02
3.586397e+02
3.586397e+02
3.586397e+02
3.586397e+02
3.586397e+02
3.586397e+02
3.586397e+02
3.586397e+02
3.586397e+02
3.586397e+02
3.586397e+02
3.586397e+02
3.586397e+02
3.586397e+02
3.586397e+02
3.586397e+02
3.586397e+02
3.586397e+02
3.586397e+02
3.586397e+02
3.586397e+02
3.586397e+02
3.586397e+02
3.586397e+02
3.586397e+02
3.586397e+02
3.586397e+02
3.586397e+02
3.586397e+02
3.586397e+02
3.586397e+02
3.586397e+02
3.586397e+02
3.586397e+02
3.586397e+02
3.586397e+02
3.586397e+02
3.586397e+02
3.586397e+02
3.586397e+02
3.586397e+02
3.586397e+02
3.586397e+02
3.586397e+02
3.586397e+02
3.586397e+02
3.586397e+02
3.586397e+02
3.586397e+02
3.586397e+02
3.586397e+02
3.586397e+02
3.586397e+02
3.586397e+02
3.586397e+02
3.586397e+02
3.586397e+02
3.586397e+02
3.586397e+02
3.586397e+02
3.586397e+02
3.586397e+02
3.584979e+02
3.581670e+02
3.581670e+02
3.581670e+02
3.581670e+02
3.581670e+02
3.581670e+02
3.581670e+02
3.581670e+02
3.581670e+02
3.581670e+02
3.581670e+02
3.581670e+02
3.581670e+02
3.581670e+02
3.581670e+02
3.581670e+02
3.581670e+02
3.581670e+02
3.581670e+02
3.581670e+02
3.581670e+02
3.581670e+02
3.581670e+02
3.581670e+02
3.581670e+02
3.581670e+02
3.581670e+02
3.581670e+02
3.581670e+02
3.581670e+02
3.581670e+02
3.581670e+02
3.581670e+02
3.581670e+02
3.581670e+02
3.581670e+02
3.535996e+02
3.535996e+02
3.533025e+02
3.533025e+02
3.533025e+02
3.533025e+02
3.533025e+02
3.533025e+02
3.533025e+02
3.533025e+02
3.533025e+02
3.533025e+02
3.533025e+02
3.533025e+02
3.533025e+02
3.533025e+02
3.533025e+02
3.533025e+02
3.533025e+02
3.533025e+02
3.533025e+02
3.533025e+02
3.533025e+02
3.533025e+02
3.533025e+02
3.533025e+02
3.533025e+02
3.533025e+02
3.533025e+02
3.533025e+02
3.533025e+02
3.533025e+02
3.533025e+02
3.533025e+02
3.533025e+02
3.533025e+02
3.533025e+02
3.533025e+02
3.533025e+02
3.533025e+02
3.533025e+02
3.533025e+02
3.533025e+02
3.533025e+02
3.533025e+02
3.533025e+02
3.533025e+02
3.533025e+02
3.533025e+02
3.533025e+02
3.533025e+02
3.533025e+02
3.533025e+02
3.533025e+02
3.533025e+02
3.533025e+02
3.533025e+02
3.533025e+02
3.533025e+02
3.533025e+02
3.533025e+02
3.533025e+02
3.533025e+02
3.533025e+02
3.533025e+02
3.533025e+02
3.533025e+02
3.474005e+02
3.474005e+02
3.474005e+02
3.474005e+02
3.474005e+02
3.474005e+02
3.474005e+02
3.474005e+02
3.474005e+02
3.474005e+02
3.474005e+02
3.474005e+02
3.474005e+02
3.474005e+02
3.474005e+02
3.474005e+02
3.474005e+02
3.474005e+02
3.474005e+02
3.474005e+02
3.474005e+02
3.474005e+02
3.474005e+02
3.474005e+02
3.474005e+02
3.474005e+02
3.474005e+02
3.474005e+02
3.474005e+02
3.474005e+02
3.474005e+02
3.474005e+02
3.474005e+02
3.474005e+02
3.474005e+02
3.474005e+02
3.474005e+02
3.474005e+02
3.474005e+02
3.474005e+02
3.474005e+02
3.474005e+02
3.474005e+02
3.469250e+02
3.469250e+02
3.469250e+02
3.469250e+02
3.469250e+02
3.469250e+02
3.469250e+02
3.469250e+02
3.469250e+02
3.469250e+02
3.469250e+02
3.469250e+02
3.469250e+02
3.469250e+02
3.469250e+02
3.469250e+02
3.469250e+02
3.469250e+02
3.469250e+02
3.469250e+02
3.469250e+02
3.469250e+02
3.469250e+02
3.469250e+02
3.469250e+02
3.469250e+02
3.469250e+02
3.469250e+02
3.469250e+02
3.469250e+02
3.469250e+02
3.469250e+02
3.469250e+02
3.469250e+02
3.469250e+02
3.469250e+02
3.469250e+02
3.469250e+02
3.469250e+02
3.469250e+02
3.469250e+02
3.469250e+02
3.469250e+02
3.469250e+02
3.469250e+02
3.469250e+02
3.469250e+02
3.469250e+02
3.469250e+02
3.469250e+02
3.469250e+02
3.469250e+02
3.469250e+02
3.469250e+02
3.469250e+02
3.469250e+02
3.469250e+02
3.469250e+02
3.469250e+02
3.469250e+02
3.469250e+02
3.469250e+02
3.469250e+02
3.469250e+02
3.469250e+02
3.469250e+02
3.469250e+02
3.469250e+02
3.469250e+02
3.469250e+02
3.469250e+02
3.469250e+02
3.469250e+02
3.469250e+02
3.469250e+02
3.469250e+02
3.469250e+02
3.469250e+02
3.469250e+02
3.469250e+02
3.469250e+02
3.469250e+02
3.469250e+02
3.469250e+02
3.469250e+02
3.469250e+02
3.469250e+02
3.469250e+02
3.469250e+02
3.469250e+02
3.469250e+02
3.469250e+02
3.469250e+02
3.469250e+02
3.469250e+02
3.469250e+02
3.469250e+02
3.469250e+02
3.469250e+02
3.469250e+02
3.469250e+02
3.469250e+02
3.469250e+02
3.469250e+02
3.469250e+02
3.469250e+02
3.469250e+02
3.469250e+02
3.469250e+02
3.469250e+02
3.469250e+02
3.469250e+02
3.469250e+02
3.469250e+02
3.469250e+02
3.469250e+02
3.469250e+02
3.469250e+02
3.469250e+02
3.469250e+02
3.469250e+02
3.469250e+02
3.469250e+02
3.469250e+02
3.469250e+02
3.469250e+02
3.469250e+02
3.469250e+02
3.469250e+02
3.451632e+02
3.451632e+02
3.451632e+02
3.451632e+02
3.451632e+02
3.451632e+02
3.451632e+02
3.451632e+02
3.451632e+02
3.451632e+02
3.451632e+02
3.451632e+02
3.451632e+02
3.451632e+02
3.451632e+02
3.451632e+02
3.451632e+02
3.451632e+02
3.451632e+02
3.451632e+02
3.451632e+02
3.451632e+02
3.451632e+02
3.451632e+02
3.451632e+02
3.451632e+02
3.451632e+02
3.451632e+02
3.451632e+02
3.451632e+02
3.451632e+02
3.451632e+02
3.451632e+02
3.451632e+02
3.451632e+02
3.451632e+02
3.451632e+02
3.451632e+02
3.451632e+02
3.451632e+02
3.451632e+02
3.451632e+02
3.451632e+02
3.451632e+02
3.451632e+02
3.451632e+02
3.451632e+02
3.451632e+02
3.451632e+02
3.451632e+02
3.451632e+02
3.451632e+02
3.451632e+02
3.451632e+02
3.451632e+02
3.451632e+02
3.451632e+02
3.451632e+02
3.451632e+02
3.451632e+02
3.451632e+02
3.451632e+02
3.451632e+02
3.451632e+02
3.451632e+02
3.451632e+02
3.451632e+02
3.451632e+02
3.451632e+02
3.451632e+02
3.451632e+02
3.451632e+02
3.451632e+02
3.451632e+02
3.451632e+02
3.451632e+02
3.451632e+02
3.451632e+02
3.451632e+02
3.451632e+02
3.451632e+02
3.451632e+02
3.451632e+02
3.451632e+02
3.451632e+02
3.451632e+02
3.451632e+02
3.451632e+02
3.451632e+02
3.451632e+02
3.451632e+02
3.451632e+02
3.451632e+02
3.451632e+02
3.451632e+02
3.451632e+02
3.451632e+02
3.451632e+02
3.451632e+02
3.451632e+02
3.451632e+02
3.451632e+02
3.451632e+02
3.451632e+02
3.451632e+02
3.451632e+02
3.451632e+02
3.451632e+02
3.451632e+02
3.451632e+02
3.451632e+02
3.451632e+02
3.451632e+02
3.451632e+02
3.451632e+02
3.451632e+02
3.451632e+02
3.444048e+02
3.444048e+02
3.444048e+02
3.444048e+02
3.444048e+02
3.444048e+02
3.444048e+02
3.444048e+02
3.444048e+02
3.444048e+02
3.444048e+02
3.444048e+02
3.444048e+02
3.444048e+02
3.444048e+02
3.444048e+02
3.444048e+02
3.444048e+02
3.444048e+02
3.444048e+02
3.444048e+02
3.444048e+02
3.444048e+02
3.444048e+02
3.444048e+02
3.444048e+02
3.444048e+02
3.444048e+02
3.444048e+02
3.444048e+02
3.444048e+02
3.444048e+02
3.444048e+02
3.444048e+02
3.444048e+02
3.444048e+02
3.444048e+02
3.444048e+02
3.444048e+02
3.444048e+02
3.444048e+02
3.444048e+02
3.444048e+02
3.444048e+02
3.444048e+02
3.444048e+02
3.444048e+02
3.444048e+02
3.444048e+02
3.444048e+02
3.444048e+02
3.444048e+02
3.444048e+02
3.444048e+02
3.444048e+02
3.444048e+02
3.444048e+02
3.444048e+02
3.444048e+02
3.444048e+02
3.444048e+02
3.444048e+02
3.444048e+02
3.444048e+02
3.444048e+02
3.444048e+02
3.444048e+02
3.444048e+02
3.444048e+02
3.444048e+02
3.444048e+02
3.444048e+02
3.444048e+02
3.444048e+02
3.444048e+02
3.444048e+02
3.444048e+02
3.444048e+02
3.444048e+02
3.444048e+02
3.444048e+02
3.444048e+02
3.444048e+02
3.444048e+02
3.444048e+02
3.444048e+02
3.444048e+02
3.444048e+02
3.444048e+02
3.444048e+02
3.444048e+02
3.444048e+02
3.444048e+02
3.444048e+02
3.444048e+02
3.444048e+02
3.444048e+02
3.444048e+02
3.444048e+02
3.444048e+02
3.444048e+02
3.444048e+02
3.444048e+02
3.444048e+02
3.444048e+02
3.444048e+02
3.444048e+02
3.444048e+02
3.444048e+02
3.444048e+02
3.444048e+02
3.444048e+02
3.444048e+02
3.444048e+02
3.444048e+02
3.444048e+02
3.444048e+02
3.444048e+02
3.444048e+02
3.444048e+02
3.444048e+02
3.444048e+02
3.444048e+02
3.444048e+02
3.444048e+02
3.444048e+02
3.444048e+02
3.444048e+02
3.444048e+02
3.444048e+02
3.444048e+02
3.444048e+02
3.444048e+02
3.444048e+02
3.444048e+02
3.444048e+02
3.444048e+02
3.444048e+02
3.444048e+02
3.444048e+02
3.444048e+02
3.444048e+02
3.444048e+02
3.444048e+02
3.444048e+02
3.444048e+02
3.444048e+02
3.444048e+02
3.444048e+02
3.444048e+02
3.444048e+02
3.444048e+02
3.444048e+02
3.444048e+02
3.444048e+02
3.444048e+02
3.444048e+02
3.444048e+02
3.444048e+02
3.444048e+02
3.444048e+02
3.444048e+02
3.444048e+02
3.444048e+02
3.444048e+02
3.444048e+02
3.444048e+02
3.444048e+02
3.444048e+02
3.444048e+02
3.444048e+02
3.444048e+02
3.444048e+02
3.444048e+02
3.444048e+02
3.444048e+02
3.444048e+02
3.444048e+02
3.444048e+02
3.444048e+02
3.444048e+02
3.444048e+02
3.444048e+02
3.444048e+02
3.444048e+02
3.444048e+02
3.444048e+02
3.444048e+02
3.444048e+02
3.444048e+02
3.444048e+02
3.444048e+02
3.444048e+02
3.444048e+02
3.444048e+02
3.444048e+02
3.444048e+02
3.444048e+02
3.444048e+02
3.444048e+02
3.444048e+02
3.444048e+02
3.444048e+02
3.444048e+02
3.444048e+02
3.444048e+02
3.444048e+02
3.444048e+02
3.444048e+02
3.444048e+02
3.444048e+02
3.444048e+02
3.444048e+02
3.444048e+02
3.444048e+02
3.444048e+02
3.444048e+02
3.444048e+02
3.444048e+02
3.444048e+02
3.444048e+02
3.444048e+02
3.444048e+02
3.444048e+02
3.444048e+02
3.444048e+02
3.444048e+02
3.444048e+02
3.438311e+02
3.438311e+02
3.438311e+02
3.438311e+02
3.438311e+02
3.438311e+02
3.438311e+02
3.438311e+02
3.438311e+02
3.438311e+02
3.438311e+02
3.438311e+02
3.438311e+02
3.438311e+02
3.438311e+02
3.438311e+02
3.438311e+02
3.438311e+02
3.438311e+02
3.438311e+02
3.438311e+02
3.438311e+02
3.438311e+02
3.438311e+02
3.438311e+02
3.438311e+02
3.438311e+02
3.438311e+02
3.438311e+02
3.438311e+02
3.438311e+02
3.438311e+02
3.438311e+02
3.438311e+02
3.438311e+02
3.438311e+02
3.438311e+02
3.438311e+02
3.438311e+02
3.438311e+02
3.438311e+02
3.438311e+02
3.438311e+02
3.438311e+02
3.438311e+02
3.438311e+02
3.438311e+02
3.438311e+02
3.438311e+02
3.438311e+02
3.438311e+02
3.438311e+02
3.438311e+02
3.438311e+02
3.438311e+02
3.438311e+02
3.438311e+02
3.438311e+02
3.438311e+02
3.438311e+02
3.438311e+02
3.438311e+02
3.438311e+02
3.438311e+02
3.438311e+02
3.438311e+02
3.438311e+02
3.438311e+02
3.438311e+02
3.438311e+02
3.438311e+02
3.438311e+02
3.438311e+02
3.438311e+02
3.438311e+02
3.438311e+02
3.438311e+02
3.438311e+02
3.438311e+02
3.438311e+02
3.438311e+02
3.438311e+02
3.438311e+02
3.438311e+02
3.438311e+02
3.438311e+02
3.438311e+02
3.438311e+02
3.438311e+02
3.438311e+02
3.438311e+02
3.438311e+02
3.438311e+02
3.438311e+02
3.438311e+02
3.438311e+02
3.438311e+02
3.438311e+02
3.438311e+02
3.438311e+02
3.438311e+02
3.438311e+02
3.438311e+02
3.438311e+02
3.438311e+02
3.438311e+02
3.438311e+02
3.438311e+02
3.438311e+02
3.438311e+02
3.438311e+02
3.438311e+02
3.438311e+02
3.438311e+02
3.438311e+02
3.438311e+02
3.438311e+02
3.438311e+02
3.438311e+02
3.438311e+02
3.438311e+02
3.438311e+02
3.438311e+02
3.438311e+02
3.438311e+02
3.438311e+02
3.438311e+02
3.438311e+02
3.438311e+02
3.438311e+02
3.438311e+02
3.438311e+02
3.438311e+02
3.438311e+02
3.438311e+02
3.438311e+02
3.438311e+02
3.438311e+02
3.438311e+02
3.438311e+02
3.438311e+02
3.438311e+02
3.438311e+02
3.438311e+02
3.438311e+02
3.438311e+02
3.438311e+02
3.438311e+02
3.438311e+02
3.438311e+02
3.438311e+02
3.438311e+02
3.438311e+02
3.438311e+02
3.438311e+02
3.438311e+02
3.438311e+02
3.438311e+02
3.438311e+02
3.438311e+02
3.438311e+02
3.438311e+02
3.438311e+02
3.438311e+02
3.438311e+02
3.438311e+02
3.438311e+02
3.438311e+02
3.438311e+02
3.438311e+02
3.438311e+02
3.438311e+02
3.438311e+02
3.438311e+02
3.438311e+02
3.438311e+02
3.438311e+02
3.438311e+02
3.438311e+02
3.438311e+02
3.438311e+02
3.438311e+02
3.438311e+02
3.438311e+02
3.438311e+02
3.438311e+02
3.438311e+02
3.438311e+02
3.438311e+02
3.438311e+02
3.438311e+02
3.438311e+02
3.438311e+02
3.438311e+02
3.438311e+02
3.438311e+02
3.438311e+02
3.438311e+02
3.438311e+02
3.438311e+02
3.438311e+02
3.438311e+02
3.438311e+02
3.438311e+02
3.438311e+02
3.438311e+02
3.438311e+02
3.438311e+02
3.438311e+02
3.438311e+02
3.438311e+02
3.438311e+02
3.438311e+02
3.438311e+02
3.438311e+02
3.438311e+02
3.438311e+02
3.438311e+02
3.438311e+02
3.438311e+02
3.438311e+02
3.438311e+02
3.438311e+02
3.438311e+02
3.438311e+02
3.438311e+02
3.438311e+02
3.438311e+02
3.438311e+02
3.438311e+02
3.438311e+02
3.438311e+02
3.438311e+02
3.438311e+02
3.438311e+02
3.438311e+02
3.438311e+02
3.430632e+02
3.430632e+02
3.430632e+02
3.430632e+02
3.430632e+02
3.430632e+02
3.430632e+02
3.430632e+02
3.430632e+02
3.430632e+02
3.430632e+02
3.430632e+02
3.430632e+02
3.430632e+02
3.430632e+02
3.430632e+02
3.430632e+02
3.430632e+02
3.430632e+02
3.430632e+02
3.430632e+02
3.430632e+02
3.430632e+02
3.430632e+02
3.430632e+02
3.430632e+02
3.430632e+02
3.430632e+02
3.430632e+02
3.430632e+02
3.430632e+02
3.430632e+02
3.430632e+02
3.430632e+02
3.430632e+02
3.430632e+02
3.430632e+02
3.430632e+02
3.430632e+02
3.430632e+02
3.430632e+02
3.430632e+02
3.430632e+02
3.430632e+02
3.430632e+02
3.430632e+02
3.430632e+02
3.430632e+02
3.430632e+02
3.430632e+02
3.430632e+02
3.430632e+02
3.430632e+02
3.430632e+02
3.430632e+02
3.430632e+02
3.430632e+02
3.430632e+02
3.430632e+02
3.430632e+02
3.430632e+02
3.430632e+02
3.430632e+02
3.430632e+02
3.430632e+02
3.430632e+02
3.430632e+02
3.430632e+02
3.430632e+02
3.430632e+02
3.430632e+02
3.430632e+02
3.430632e+02
3.430632e+02
3.430632e+02
3.362293e+02
3.362293e+02
3.362293e+02
3.362293e+02
3.362293e+02
3.362293e+02
3.362293e+02
3.362293e+02
3.362293e+02
3.362293e+02
3.362293e+02
3.362293e+02
3.362293e+02
3.362293e+02
3.362293e+02
3.362293e+02
3.362293e+02
3.362293e+02
3.362293e+02
3.362293e+02
3.362293e+02
3.362293e+02
3.362293e+02
3.362293e+02
3.362293e+02
3.362293e+02
3.362293e+02
3.362293e+02
3.362293e+02
3.362293e+02
3.362293e+02
3.362293e+02
3.362293e+02
3.362293e+02
3.362293e+02
3.362293e+02
3.362293e+02
3.362293e+02
3.362293e+02
3.362293e+02
3.362293e+02
3.340536e+02
3.340536e+02
3.340536e+02
3.340536e+02
3.340536e+02
3.340536e+02
3.340536e+02
3.340536e+02
3.340536e+02
3.340536e+02
3.340536e+02
3.340536e+02
3.340536e+02
3.340536e+02
3.340536e+02
3.340536e+02
3.340536e+02
3.340536e+02
3.340536e+02
3.340536e+02
3.340536e+02
3.340536e+02
3.340536e+02
3.340536e+02
3.340536e+02
3.340536e+02
3.340536e+02
3.340536e+02
3.340536e+02
3.340536e+02
3.340536e+02
3.340536e+02
3.340536e+02
3.340536e+02
3.340536e+02
3.340536e+02
3.340536e+02
