1.385907e+09
1.385907e+09
1.385907e+09
1.315930e+09
1.038901e+09
1.038901e+09
1.038901e+09
1.038901e+09
1.038901e+09
1.038901e+09
7.937295e+08
7.937295e+08
6.007556e+08
6.007556e+08
6.007556e+08
6.007556e+08
6.007556e+08
6.007556e+08
6.007556e+08
6.007556e+08
6.007556e+08
6.007556e+08
6.007556e+08
6.007556e+08
6.007556e+08
6.007556e+08
6.007556e+08
6.007556e+08
6.007556e+08
6.007556e+08
6.007556e+08
5.297384e+08
5.297384e+08
5.297384e+08
5.297384e+08
4.769488e+08
4.769488e+08
4.769488e+08
4.769488e+08
4.769488e+08
4.769488e+08
4.769488e+08
4.769488e+08
4.769488e+08
4.769488e+08
4.769488e+08
4.769488e+08
2.470148e+08
2.470148e+08
2.470148e+08
2.470148e+08
2.470148e+08
2.470148e+08
2.470148e+08
2.470148e+08
2.470148e+08
2.470148e+08
2.470148e+08
2.470148e+08
2.470148e+08
2.470148e+08
2.470148e+08
2.470148e+08
2.470148e+08
2.470148e+08
2.470148e+08
2.470148e+08
2.470148e+08
2.470148e+08
2.470148e+08
2.195681e+08
2.195681e+08
2.195681e+08
2.195681e+08
2.195681e+08
2.195681e+08
2.195681e+08
2.195681e+08
2.195681e+08
2.195681e+08
2.195681e+08
2.195681e+08
2.195681e+08
2.039484e+08
2.039484e+08
2.039484e+08
2.039484e+08
2.039484e+08
2.039484e+08
2.039484e+08
2.039484e+08
2.039484e+08
2.039484e+08
2.039484e+08
2.039484e+08
2.039484e+08
2.039484e+08
2.039484e+08
2.039484e+08
2.039484e+08
2.039484e+08
2.023839e+08
2.023839e+08
2.023839e+08
2.015978e+08
2.015978e+08
2.015978e+08
2.015978e+08
2.015978e+08
2.015978e+08
2.015978e+08
1.673898e+08
1.673898e+08
1.673898e+08
1.673898e+08
1.673898e+08
1.336694e+08
1.336694e+08
1.336694e+08
1.336694e+08
1.336694e+08
1.336694e+08
1.336694e+08
1.336694e+08
1.336694e+08
1.336694e+08
1.336694e+08
1.336694e+08
1.336694e+08
1.336694e+08
1.336694e+08
1.336694e+08
1.336694e+08
1.216972e+08
1.144939e+08
1.144939e+08
1.065016e+08
1.065016e+08
1.065016e+08
1.065016e+08
1.065016e+08
1.065016e+08
1.065016e+08
1.065016e+08
1.065016e+08
1.065016e+08
1.065016e+08
1.065016e+08
1.065016e+08
1.065016e+08
1.065016e+08
1.065016e+08
1.065016e+08
1.065016e+08
1.065016e+08
1.065016e+08
1.065016e+08
1.065016e+08
9.527350e+07
9.527350e+07
9.527350e+07
9.527350e+07
9.527350e+07
9.527350e+07
9.527350e+07
9.527350e+07
9.527350e+07
8.694647e+07
8.694647e+07
8.063488e+07
8.063488e+07
8.063488e+07
8.063488e+07
8.063488e+07
8.063488e+07
8.063488e+07
8.063488e+07
8.063488e+07
8.063488e+07
8.063488e+07
8.063488e+07
7.770988e+07
7.770988e+07
7.770988e+07
7.770988e+07
7.770988e+07
7.770988e+07
7.671533e+07
7.671533e+07
7.671533e+07
7.671533e+07
7.671533e+07
7.671533e+07
7.671533e+07
7.671533e+07
7.671533e+07
7.671533e+07
7.671533e+07
7.671533e+07
7.671533e+07
7.671533e+07
7.671533e+07
7.160721e+07
7.160721e+07
7.160721e+07
7.160721e+07
7.160721e+07
7.160721e+07
7.160721e+07
7.160721e+07
7.160721e+07
7.160721e+07
7.160721e+07
7.160721e+07
7.160721e+07
7.160721e+07
7.160721e+07
7.160721e+07
6.974225e+07
6.974225e+07
6.974225e+07
6.974225e+07
6.974225e+07
6.974225e+07
6.974225e+07
6.974225e+07
6.974225e+07
6.925947e+07
6.925947e+07
6.925947e+07
6.925947e+07
6.925947e+07
6.925947e+07
6.925947e+07
6.925947e+07
6.925947e+07
6.925947e+07
6.925947e+07
6.917350e+07
6.813681e+07
6.229039e+07
6.229039e+07
6.229039e+07
6.229039e+07
6.229039e+07
6.229039e+07
6.229039e+07
6.229039e+07
6.229039e+07
6.229039e+07
6.229039e+07
6.229039e+07
6.229039e+07
6.229039e+07
6.229039e+07
6.229039e+07
6.229039e+07
6.229039e+07
6.229039e+07
6.229039e+07
6.229039e+07
5.937164e+07
4.705002e+07
4.705002e+07
4.705002e+07
4.705002e+07
4.705002e+07
4.391658e+07
3.141981e+07
3.141981e+07
3.141981e+07
3.141981e+07
3.141981e+07
3.141981e+07
3.141981e+07
3.141981e+07
3.141981e+07
3.141981e+07
3.141981e+07
3.141981e+07
3.141981e+07
3.141981e+07
3.141981e+07
3.141981e+07
3.141981e+07
3.141981e+07
3.141981e+07
3.141981e+07
3.141981e+07
3.141981e+07
3.141981e+07
3.141981e+07
3.141981e+07
3.141981e+07
3.141981e+07
3.141981e+07
3.141981e+07
3.141981e+07
3.141981e+07
3.141981e+07
3.141981e+07
3.141981e+07
3.141981e+07
3.141981e+07
3.141981e+07
3.141981e+07
3.141981e+07
3.141981e+07
3.141981e+07
3.141981e+07
3.141981e+07
3.059610e+07
3.059610e+07
3.059610e+07
3.059610e+07
3.059610e+07
3.059610e+07
3.059610e+07
3.059610e+07
3.059610e+07
3.059610e+07
3.059610e+07
3.059610e+07
3.059610e+07
3.057783e+07
3.057783e+07
3.057783e+07
3.057783e+07
3.057783e+07
3.057783e+07
3.057783e+07
3.057783e+07
3.057783e+07
3.057783e+07
3.057783e+07
3.057783e+07
3.057783e+07
3.057783e+07
3.057783e+07
3.057783e+07
3.057783e+07
3.057783e+07
3.057783e+07
3.057783e+07
3.057783e+07
3.057783e+07
3.057783e+07
3.057783e+07
3.057783e+07
3.057783e+07
3.057783e+07
3.057783e+07
3.057783e+07
3.057783e+07
3.057783e+07
3.057783e+07
3.057783e+07
3.057783e+07
3.057783e+07
3.057783e+07
3.057783e+07
3.022622e+07
3.022622e+07
3.022622e+07
3.022622e+07
3.022622e+07
3.022622e+07
3.022622e+07
3.022622e+07
3.022622e+07
3.022622e+07
3.022622e+07
3.022622e+07
2.873464e+07
2.873464e+07
2.873464e+07
2.873464e+07
2.873464e+07
2.873464e+07
2.873464e+07
2.873464e+07
2.873464e+07
2.873464e+07
2.289421e+07
2.289421e+07
2.289421e+07
2.289421e+07
2.289421e+07
2.289421e+07
2.289421e+07
2.289421e+07
2.289421e+07
2.289421e+07
2.289421e+07
2.289421e+07
2.289421e+07
2.289421e+07
2.289421e+07
2.289421e+07
2.289421e+07
2.289421e+07
2.289421e+07
2.037037e+07
2.037037e+07
2.037037e+07
2.037037e+07
2.037037e+07
2.037037e+07
2.037037e+07
2.037037e+07
2.037037e+07
2.037037e+07
2.037037e+07
2.037037e+07
2.037037e+07
2.037037e+07
2.037037e+07
2.037037e+07
2.037037e+07
2.037037e+07
2.037037e+07
2.037037e+07
2.037037e+07
2.037037e+07
2.037037e+07
1.952147e+07
1.952147e+07
1.752057e+07
1.752057e+07
1.752057e+07
1.752057e+07
1.752057e+07
1.752057e+07
1.752057e+07
1.752057e+07
1.752057e+07
1.752057e+07
1.752057e+07
1.752057e+07
1.752057e+07
1.752057e+07
1.752057e+07
1.752057e+07
1.752057e+07
1.752057e+07
1.752057e+07
1.752057e+07
1.752057e+07
1.752057e+07
1.752057e+07
1.752057e+07
1.752057e+07
1.752057e+07
1.752057e+07
1.752057e+07
1.752057e+07
1.752057e+07
1.752057e+07
1.752057e+07
1.752057e+07
1.752057e+07
1.752057e+07
1.647682e+07
1.647682e+07
1.647682e+07
1.647682e+07
1.253357e+07
1.253357e+07
1.253357e+07
1.253357e+07
1.253357e+07
1.253357e+07
1.253357e+07
1.253357e+07
1.253357e+07
1.253357e+07
1.253357e+07
1.253357e+07
1.253357e+07
1.253357e+07
1.253357e+07
1.253357e+07
1.251031e+07
1.251031e+07
1.251031e+07
1.206323e+07
1.206323e+07
1.178695e+07
1.178695e+07
1.178695e+07
1.178695e+07
1.178695e+07
1.178695e+07
1.178695e+07
1.178695e+07
1.178695e+07
1.079602e+07
1.079602e+07
1.079602e+07
1.079602e+07
1.070150e+07
1.070150e+07
1.070150e+07
1.070150e+07
1.070150e+07
1.070150e+07
1.070150e+07
1.070150e+07
1.070150e+07
1.070150e+07
1.057599e+07
1.033862e+07
1.033862e+07
1.033862e+07
1.033862e+07
1.033862e+07
1.033862e+07
9.075983e+06
9.075983e+06
9.075983e+06
9.075983e+06
9.075983e+06
9.075983e+06
9.075983e+06
9.075983e+06
9.075983e+06
9.075983e+06
9.075983e+06
9.075983e+06
9.075983e+06
9.075983e+06
9.075983e+06
9.075983e+06
9.075983e+06
9.075983e+06
9.075983e+06
9.050011e+06
9.050011e+06
9.050011e+06
8.262767e+06
8.262767e+06
8.262767e+06
8.262767e+06
8.262767e+06
8.262767e+06
8.058285e+06
8.058285e+06
8.058285e+06
8.058285e+06
8.058285e+06
8.058285e+06
8.058285e+06
7.766940e+06
7.766940e+06
7.766940e+06
7.766940e+06
7.766940e+06
7.766940e+06
7.766940e+06
7.671613e+06
7.671613e+06
7.447306e+06
7.447306e+06
7.447306e+06
7.447306e+06
7.447306e+06
7.447306e+06
7.447306e+06
7.271748e+06
7.271748e+06
7.271748e+06
7.271748e+06
7.252571e+06
7.252571e+06
6.768170e+06
6.768170e+06
6.768170e+06
6.768170e+06
6.768170e+06
6.768170e+06
6.761398e+06
6.761398e+06
6.515224e+06
6.503449e+06
6.503449e+06
6.503449e+06
6.503449e+06
6.503449e+06
6.503449e+06
6.474498e+06
6.474498e+06
6.474498e+06
6.474498e+06
6.422923e+06
6.422923e+06
6.110296e+06
5.409642e+06
5.115700e+06
5.115700e+06
5.115700e+06
5.115700e+06
5.115700e+06
5.115700e+06
5.115700e+06
5.115700e+06
5.115700e+06
5.034404e+06
4.902021e+06
4.902021e+06
4.670340e+06
4.670340e+06
4.670340e+06
4.670340e+06
4.670340e+06
4.670340e+06
4.670340e+06
4.670340e+06
4.638128e+06
4.638128e+06
4.425742e+06
4.370054e+06
4.370054e+06
4.370054e+06
4.370054e+06
4.370054e+06
4.370054e+06
4.197878e+06
4.197878e+06
4.197878e+06
4.197878e+06
4.197878e+06
4.197878e+06
4.197878e+06
4.133172e+06
4.133172e+06
3.735107e+06
3.735107e+06
3.735107e+06
3.735107e+06
3.735107e+06
3.686707e+06
3.686707e+06
3.686707e+06
3.686707e+06
3.686707e+06
3.686707e+06
3.686707e+06
3.686707e+06
3.686707e+06
3.686707e+06
3.686707e+06
3.686707e+06
3.672354e+06
3.669500e+06
3.669500e+06
3.669500e+06
3.492534e+06
3.492534e+06
3.492534e+06
3.492534e+06
3.457947e+06
3.457947e+06
3.426867e+06
3.426867e+06
3.413612e+06
3.413612e+06
3.413612e+06
3.413612e+06
3.411720e+06
3.411720e+06
3.411720e+06
3.411720e+06
3.411720e+06
3.371044e+06
3.240762e+06
3.240762e+06
3.240762e+06
3.182202e+06
3.182202e+06
3.182202e+06
3.182202e+06
3.182202e+06
3.182202e+06
3.182202e+06
3.182202e+06
3.182202e+06
3.182202e+06
3.182202e+06
3.182202e+06
3.182202e+06
3.182202e+06
3.182202e+06
3.182202e+06
3.182202e+06
3.182202e+06
3.033074e+06
3.033074e+06
3.033074e+06
2.917371e+06
2.917371e+06
2.917371e+06
2.917371e+06
2.917371e+06
2.917371e+06
2.917371e+06
2.805546e+06
2.805546e+06
2.805546e+06
2.769967e+06
2.769967e+06
2.769967e+06
2.696638e+06
2.696638e+06
2.696638e+06
2.568649e+06
2.568649e+06
2.341557e+06
2.341557e+06
2.341557e+06
2.341557e+06
2.341557e+06
2.341557e+06
2.341557e+06
2.293749e+06
2.293749e+06
2.293749e+06
2.293749e+06
2.293749e+06
2.293749e+06
2.271206e+06
2.271206e+06
2.253907e+06
2.059410e+06
2.059410e+06
2.059410e+06
2.059410e+06
2.059410e+06
2.059410e+06
2.059410e+06
2.059410e+06
2.059410e+06
2.059410e+06
1.971187e+06
1.894347e+06
1.894347e+06
1.894347e+06
1.894347e+06
1.894347e+06
1.894347e+06
1.894347e+06
1.894347e+06
1.894347e+06
1.868749e+06
1.868749e+06
1.787445e+06
1.787445e+06
1.787445e+06
1.787445e+06
1.787445e+06
1.787445e+06
1.722818e+06
1.722818e+06
1.722818e+06
1.722818e+06
1.722818e+06
1.722818e+06
1.686367e+06
1.686367e+06
1.686367e+06
1.686367e+06
1.686367e+06
1.686367e+06
1.686367e+06
1.686367e+06
1.686367e+06
1.686367e+06
1.686367e+06
1.686367e+06
1.686367e+06
1.686367e+06
1.661758e+06
1.606366e+06
1.606366e+06
1.606366e+06
1.597807e+06
1.520688e+06
1.520688e+06
1.520688e+06
1.520688e+06
1.493362e+06
1.470997e+06
1.470997e+06
1.470997e+06
1.457249e+06
1.457249e+06
1.445759e+06
1.428034e+06
1.428034e+06
1.428034e+06
1.421811e+06
1.388984e+06
1.388984e+06
1.388984e+06
1.376943e+06
1.376943e+06
1.376943e+06
1.376943e+06
1.376943e+06
1.376943e+06
1.376943e+06
1.376943e+06
1.365674e+06
1.315617e+06
1.315617e+06
1.262943e+06
1.262943e+06
1.262943e+06
1.262943e+06
1.262943e+06
1.262943e+06
1.232805e+06
1.229679e+06
1.229679e+06
1.229679e+06
1.229679e+06
1.200658e+06
1.200658e+06
1.200658e+06
1.200658e+06
1.200658e+06
1.200658e+06
1.190602e+06
1.190602e+06
1.167250e+06
1.160503e+06
1.130400e+06
1.130400e+06
1.107773e+06
1.107773e+06
1.107773e+06
1.078223e+06
1.078223e+06
1.050073e+06
1.050073e+06
1.032957e+06
1.032957e+06
1.032957e+06
9.806951e+05
9.806951e+05
9.806951e+05
9.806951e+05
9.806951e+05
9.595715e+05
9.475888e+05
9.475888e+05
9.475888e+05
9.436803e+05
9.436803e+05
9.382383e+05
9.150950e+05
9.070800e+05
9.070800e+05
8.898887e+05
8.898887e+05
8.898887e+05
8.898887e+05
8.898887e+05
8.898887e+05
8.898887e+05
8.898887e+05
8.898887e+05
8.119731e+05
8.119731e+05
8.119731e+05
8.119731e+05
8.119731e+05
8.119731e+05
8.119731e+05
8.119731e+05
8.028287e+05
8.028287e+05
8.028287e+05
8.028287e+05
8.028287e+05
8.028287e+05
8.028287e+05
8.028287e+05
8.028287e+05
8.028287e+05
7.956105e+05
7.501274e+05
7.501274e+05
7.501274e+05
7.501274e+05
7.501274e+05
7.501274e+05
7.501274e+05
7.501274e+05
7.501274e+05
7.295649e+05
7.295649e+05
7.295649e+05
7.295649e+05
7.295649e+05
7.295649e+05
7.295649e+05
7.295649e+05
7.295649e+05
7.295649e+05
7.295649e+05
7.295649e+05
7.295649e+05
7.295649e+05
7.295649e+05
7.295649e+05
7.159377e+05
7.159377e+05
7.159377e+05
7.159377e+05
7.081327e+05
7.081327e+05
7.081327e+05
7.081327e+05
7.081327e+05
7.081327e+05
6.997760e+05
6.997760e+05
6.997760e+05
6.997760e+05
6.942645e+05
6.942645e+05
6.940453e+05
6.940453e+05
6.889168e+05
6.889168e+05
6.889168e+05
6.768075e+05
6.768075e+05
6.661336e+05
6.661336e+05
6.661336e+05
6.661336e+05
6.661336e+05
6.661336e+05
6.661336e+05
6.661336e+05
6.661336e+05
6.614247e+05
6.460690e+05
6.460690e+05
6.185065e+05
6.185065e+05
6.185065e+05
6.185065e+05
6.097311e+05
6.097311e+05
6.097311e+05
6.059032e+05
6.059032e+05
6.059032e+05
6.059032e+05
6.035775e+05
6.035775e+05
6.017687e+05
6.017687e+05
5.619494e+05
5.619494e+05
5.619494e+05
5.619494e+05
5.619494e+05
5.619494e+05
5.608465e+05
5.608465e+05
5.360732e+05
5.360732e+05
5.360732e+05
5.360732e+05
5.360732e+05
5.360732e+05
5.360732e+05
5.360732e+05
5.360732e+05
5.360732e+05
5.360732e+05
5.360732e+05
5.360732e+05
5.357959e+05
5.204921e+05
5.204921e+05
5.204921e+05
5.204921e+05
5.169230e+05
5.169230e+05
5.087465e+05
5.087465e+05
5.087465e+05
5.087465e+05
5.087465e+05
5.087465e+05
5.087465e+05
5.087465e+05
5.087465e+05
5.087465e+05
5.087465e+05
5.087465e+05
5.087465e+05
5.087465e+05
5.087465e+05
5.050247e+05
5.050247e+05
5.050247e+05
5.050247e+05
5.041436e+05
4.963566e+05
4.925477e+05
4.913539e+05
4.913539e+05
4.913539e+05
4.913539e+05
4.913539e+05
4.913539e+05
4.892071e+05
4.892071e+05
4.892071e+05
4.892071e+05
4.892071e+05
4.892071e+05
4.870481e+05
4.870481e+05
4.870481e+05
4.823668e+05
4.746418e+05
4.746418e+05
4.746418e+05
4.746067e+05
4.746067e+05
4.746067e+05
4.746067e+05
4.746067e+05
4.746067e+05
4.746067e+05
4.746067e+05
4.743060e+05
4.743060e+05
4.743060e+05
4.743060e+05
4.743060e+05
4.743060e+05
4.742452e+05
4.724838e+05
4.724838e+05
4.719979e+05
4.719979e+05
4.719979e+05
4.683012e+05
4.683012e+05
4.683012e+05
4.683012e+05
4.683012e+05
4.683012e+05
4.676442e+05
4.676442e+05
4.676442e+05
4.676442e+05
4.676442e+05
4.644378e+05
4.644378e+05
4.612018e+05
4.612018e+05
4.589402e+05
4.589402e+05
4.589402e+05
4.574099e+05
4.544760e+05
4.544760e+05
4.544760e+05
4.544760e+05
4.542439e+05
4.542439e+05
4.516686e+05
4.516686e+05
4.516686e+05
4.516686e+05
4.516686e+05
4.516686e+05
4.513181e+05
4.513181e+05
4.513181e+05
4.513181e+05
4.462317e+05
4.462317e+05
4.462317e+05
4.462317e+05
4.462317e+05
4.421554e+05
4.421554e+05
4.421554e+05
4.414664e+05
4.414664e+05
4.414664e+05
4.414664e+05
4.414664e+05
4.414664e+05
4.414664e+05
4.414664e+05
4.414664e+05
4.414664e+05
4.414664e+05
4.414664e+05
4.414664e+05
4.414664e+05
4.414664e+05
4.414664e+05
4.414664e+05
4.390109e+05
4.390109e+05
4.390109e+05
4.390109e+05
4.382213e+05
4.382213e+05
4.382213e+05
4.371298e+05
4.371298e+05
4.348275e+05
4.348275e+05
4.348275e+05
4.348275e+05
4.334829e+05
4.334829e+05
4.334829e+05
4.334829e+05
4.334829e+05
4.334829e+05
4.334829e+05
4.334829e+05
4.334829e+05
4.334829e+05
4.323122e+05
4.323122e+05
4.323122e+05
4.323122e+05
4.320692e+05
4.320692e+05
4.320692e+05
4.305992e+05
4.305992e+05
4.305992e+05
4.297079e+05
4.275521e+05
4.275521e+05
4.275521e+05
4.275521e+05
4.275521e+05
4.275521e+05
4.266725e+05
4.258315e+05
4.258315e+05
4.258315e+05
4.258315e+05
4.258315e+05
4.252018e+05
4.252018e+05
4.247899e+05
4.208181e+05
4.208181e+05
4.208181e+05
4.208181e+05
4.208181e+05
4.208181e+05
4.165479e+05
4.160844e+05
4.160844e+05
4.160844e+05
4.160844e+05
4.160844e+05
4.160694e+05
4.160694e+05
4.160694e+05
4.152786e+05
4.147803e+05
4.145677e+05
4.145677e+05
4.132396e+05
4.132396e+05
4.102626e+05
4.102626e+05
4.102626e+05
4.102626e+05
4.094540e+05
4.094540e+05
4.094540e+05
4.094540e+05
4.069926e+05
4.069926e+05
4.069926e+05
4.069926e+05
4.069926e+05
4.069926e+05
4.069926e+05
4.069926e+05
4.068266e+05
4.041055e+05
4.041055e+05
4.041055e+05
4.041055e+05
4.033002e+05
4.033002e+05
4.007039e+05
4.007039e+05
4.006902e+05
4.006902e+05
4.003259e+05
4.001105e+05
4.001105e+05
3.959825e+05
3.959825e+05
3.959825e+05
3.959825e+05
3.959825e+05
3.959825e+05
3.959825e+05
3.952573e+05
3.952573e+05
3.951280e+05
3.951280e+05
3.951280e+05
3.940688e+05
3.940688e+05
3.940688e+05
3.940688e+05
3.940688e+05
3.940688e+05
3.939513e+05
3.939513e+05
3.939240e+05
3.939240e+05
3.939240e+05
3.932452e+05
3.932452e+05
3.932452e+05
3.932452e+05
3.932452e+05
3.932452e+05
3.932452e+05
3.927742e+05
3.927742e+05
3.927742e+05
3.927742e+05
3.923667e+05
3.923667e+05
3.921878e+05
3.917933e+05
3.917933e+05
3.917933e+05
3.910537e+05
3.910537e+05
3.910537e+05
3.910537e+05
3.910537e+05
3.910537e+05
3.910537e+05
3.910537e+05
3.910537e+05
3.907130e+05
3.901703e+05
3.901703e+05
3.873619e+05
3.873619e+05
3.873619e+05
3.873619e+05
3.873619e+05
3.873619e+05
3.873619e+05
3.873619e+05
3.873368e+05
3.873368e+05
3.872581e+05
3.857642e+05
3.851799e+05
3.851799e+05
3.848339e+05
3.848339e+05
3.847683e+05
3.842140e+05
3.842140e+05
3.842140e+05
3.832824e+05
3.832824e+05
3.832824e+05
3.832824e+05
3.824772e+05
3.824772e+05
3.822724e+05
3.821151e+05
3.813439e+05
3.804912e+05
3.804912e+05
3.800175e+05
3.800175e+05
3.799066e+05
3.783751e+05
3.783751e+05
3.783751e+05
3.781130e+05
3.778094e+05
3.769628e+05
3.769628e+05
3.769628e+05
3.769628e+05
3.769628e+05
3.769628e+05
3.769628e+05
3.759744e+05
3.758456e+05
3.758456e+05
3.758456e+05
3.752704e+05
3.746096e+05
3.746096e+05
3.734770e+05
3.731252e+05
3.730336e+05
3.730336e+05
3.730336e+05
3.730336e+05
3.730336e+05
3.730336e+05
3.730336e+05
3.730336e+05
3.730336e+05
3.728634e+05
3.716206e+05
3.716206e+05
3.685162e+05
3.674717e+05
3.674717e+05
3.674717e+05
3.674717e+05
3.674717e+05
3.674717e+05
3.668242e+05
3.667313e+05
3.655604e+05
3.655604e+05
3.655604e+05
3.655604e+05
3.655604e+05
3.645424e+05
3.645424e+05
3.645424e+05
3.645424e+05
3.645424e+05
3.645424e+05
3.645424e+05
3.645424e+05
3.632351e+05
3.632351e+05
3.632351e+05
3.632259e+05
3.632259e+05
3.632259e+05
3.611948e+05
3.611948e+05
3.611948e+05
3.611948e+05
3.611948e+05
3.611948e+05
3.611948e+05
3.611948e+05
3.610929e+05
3.599304e+05
3.599304e+05
3.597983e+05
3.573192e+05
3.573192e+05
3.573192e+05
3.573192e+05
3.532143e+05
3.532143e+05
3.532143e+05
3.520660e+05
3.520660e+05
3.520660e+05
3.517095e+05
3.517095e+05
3.517095e+05
3.517095e+05
3.517095e+05
3.517095e+05
3.517095e+05
3.517095e+05
3.507354e+05
3.507354e+05
3.507354e+05
3.502598e+05
3.498279e+05
3.484186e+05
3.484186e+05
3.484186e+05
3.475028e+05
3.475028e+05
3.475028e+05
3.475028e+05
3.475028e+05
3.475028e+05
3.475028e+05
3.475028e+05
3.475028e+05
3.467200e+05
3.462913e+05
3.444061e+05
3.444061e+05
3.423879e+05
3.423879e+05
3.423330e+05
3.423330e+05
3.423330e+05
3.423330e+05
3.410711e+05
3.410711e+05
3.410711e+05
3.410711e+05
3.410711e+05
3.410711e+05
3.410711e+05
3.410711e+05
3.410015e+05
3.410015e+05
3.409462e+05
3.406292e+05
3.406292e+05
3.406292e+05
3.406292e+05
3.406292e+05
3.400097e+05
3.400097e+05
3.400097e+05
3.400097e+05
3.400097e+05
3.400097e+05
3.396639e+05
3.380052e+05
3.378723e+05
3.378723e+05
3.366913e+05
3.366913e+05
3.366913e+05
3.359080e+05
3.359080e+05
3.359080e+05
3.359080e+05
3.359080e+05
3.347025e+05
3.347025e+05
3.347025e+05
3.347025e+05
3.335548e+05
3.335548e+05
3.335548e+05
3.335548e+05
3.329641e+05
3.328149e+05
3.326928e+05
3.297861e+05
3.290103e+05
3.289908e+05
3.281930e+05
3.273107e+05
3.262641e+05
3.262641e+05
3.256285e+05
3.245685e+05
3.245685e+05
3.245685e+05
3.243008e+05
3.243008e+05
3.243008e+05
3.239450e+05
3.209818e+05
3.209818e+05
3.209818e+05
3.209818e+05
3.209818e+05
3.209818e+05
3.197044e+05
3.197044e+05
3.197044e+05
3.190435e+05
3.190435e+05
3.183719e+05
3.154899e+05
3.152514e+05
3.145404e+05
3.145404e+05
3.145404e+05
3.145404e+05
3.145404e+05
3.145404e+05
3.144820e+05
3.144820e+05
3.144820e+05
3.144820e+05
3.144820e+05
3.144820e+05
3.144820e+05
3.132921e+05
3.117756e+05
3.108481e+05
3.108481e+05
3.108481e+05
3.108481e+05
3.108481e+05
3.108481e+05
3.108481e+05
3.103522e+05
3.103522e+05
3.103522e+05
3.103522e+05
3.103522e+05
3.103522e+05
3.093854e+05
3.077777e+05
3.077777e+05
3.077777e+05
3.077777e+05
3.074012e+05
3.074012e+05
3.064742e+05
3.035435e+05
3.035435e+05
3.035435e+05
3.012810e+05
3.012810e+05
3.012810e+05
3.012810e+05
3.007509e+05
2.969571e+05
2.969571e+05
2.969571e+05
2.969571e+05
2.934124e+05
2.934124e+05
2.934124e+05
2.934124e+05
2.934124e+05
2.899387e+05
2.899387e+05
2.899387e+05
2.899387e+05
2.899387e+05
2.899387e+05
2.899387e+05
2.888267e+05
2.888267e+05
2.888267e+05
2.888267e+05
2.888267e+05
2.888267e+05
2.888267e+05
2.888267e+05
2.888267e+05
2.888267e+05
2.859710e+05
2.859710e+05
2.859710e+05
2.854168e+05
2.854168e+05
2.854168e+05
2.853941e+05
2.853941e+05
2.853941e+05
2.853941e+05
2.850683e+05
2.841980e+05
2.841980e+05
2.841980e+05
2.841980e+05
2.841980e+05
2.841980e+05
2.841980e+05
2.841980e+05
2.841136e+05
2.841136e+05
2.841136e+05
2.830961e+05
2.830961e+05
2.830961e+05
2.830961e+05
2.827887e+05
2.827887e+05
2.827887e+05
2.823382e+05
2.822507e+05
2.822507e+05
2.822507e+05
2.822507e+05
2.822507e+05
2.822507e+05
2.822507e+05
2.822507e+05
2.822213e+05
2.822213e+05
2.819633e+05
2.814293e+05
2.810775e+05
2.810775e+05
2.810775e+05
2.810775e+05
2.810775e+05
2.789085e+05
2.789085e+05
2.789085e+05
2.789085e+05
2.789085e+05
2.789085e+05
2.789085e+05
2.789085e+05
2.789079e+05
2.789079e+05
2.789079e+05
2.781070e+05
2.781070e+05
2.781070e+05
2.781070e+05
2.781070e+05
2.777388e+05
2.776414e+05
2.776039e+05
2.776039e+05
2.769780e+05
2.769780e+05
2.756238e+05
2.756238e+05
2.756238e+05
2.752639e+05
2.738749e+05
2.738749e+05
2.738749e+05
2.738749e+05
2.738749e+05
2.732393e+05
2.732393e+05
2.732393e+05
2.732393e+05
2.732393e+05
2.732393e+05
2.732393e+05
2.732393e+05
2.729163e+05
2.729163e+05
2.729163e+05
2.728846e+05
2.728846e+05
2.720144e+05
2.720144e+05
2.718114e+05
2.714793e+05
2.699638e+05
2.699638e+05
2.699638e+05
2.699638e+05
2.699638e+05
2.699638e+05
2.691900e+05
2.688361e+05
2.688361e+05
2.688361e+05
2.688361e+05
2.688361e+05
2.679176e+05
2.679176e+05
2.679176e+05
2.665464e+05
2.648096e+05
2.648096e+05
2.648096e+05
2.648096e+05
2.648096e+05
2.648096e+05
2.648096e+05
2.648096e+05
2.648096e+05
2.648096e+05
2.648096e+05
2.648096e+05
2.648096e+05
2.648096e+05
2.648096e+05
2.648096e+05
2.648096e+05
2.648096e+05
2.648096e+05
2.647799e+05
2.627999e+05
2.627999e+05
2.627999e+05
2.627999e+05
2.627999e+05
2.627999e+05
2.627999e+05
2.627999e+05
2.627999e+05
2.627999e+05
2.627999e+05
2.627999e+05
2.609286e+05
2.609286e+05
2.609286e+05
2.609286e+05
2.609286e+05
2.609286e+05
2.608134e+05
2.608134e+05
2.608134e+05
2.608134e+05
2.604146e+05
2.604146e+05
2.604146e+05
2.604146e+05
2.588669e+05
2.588669e+05
2.588669e+05
2.588669e+05
2.588669e+05
2.582722e+05
2.582722e+05
2.582722e+05
2.582722e+05
2.581658e+05
2.580753e+05
2.580753e+05
2.575852e+05
2.567656e+05
2.567656e+05
2.567656e+05
2.567656e+05
2.567656e+05
2.567656e+05
2.567656e+05
2.566711e+05
2.566711e+05
2.564939e+05
2.564939e+05
2.564939e+05
2.556512e+05
2.556512e+05
2.556512e+05
2.544911e+05
2.544790e+05
2.544790e+05
2.544790e+05
2.544790e+05
2.544048e+05
2.544048e+05
2.544048e+05
2.544048e+05
2.544048e+05
2.541783e+05
2.541783e+05
2.541783e+05
2.541783e+05
2.537433e+05
2.536128e+05
2.536128e+05
2.519532e+05
2.519532e+05
2.519532e+05
2.519532e+05
2.519532e+05
2.519532e+05
2.519532e+05
2.519532e+05
2.518312e+05
2.518312e+05
2.517889e+05
2.517889e+05
2.514370e+05
2.514370e+05
2.514370e+05
2.513005e+05
2.509771e+05
2.509771e+05
2.507096e+05
2.507096e+05
2.507096e+05
2.505037e+05
2.485650e+05
2.485650e+05
2.485650e+05
2.485650e+05
2.484460e+05
2.484460e+05
2.484460e+05
2.477786e+05
2.468201e+05
2.468201e+05
2.468201e+05
2.464744e+05
2.464744e+05
2.464744e+05
2.464744e+05
2.464744e+05
2.464744e+05
2.464744e+05
2.464222e+05
2.464222e+05
2.459630e+05
2.459630e+05
2.450108e+05
2.450108e+05
2.450108e+05
2.440814e+05
2.440814e+05
2.440814e+05
2.426496e+05
2.426496e+05
2.425472e+05
2.425472e+05
2.422512e+05
2.420560e+05
2.420560e+05
2.420560e+05
2.413397e+05
2.413397e+05
2.408876e+05
2.405110e+05
2.405110e+05
2.405110e+05
2.405110e+05
2.405110e+05
2.403350e+05
2.402094e+05
2.388348e+05
2.388348e+05
2.386929e+05
2.386929e+05
2.375636e+05
2.375636e+05
2.375636e+05
2.375636e+05
2.361682e+05
2.361682e+05
2.360582e+05
2.360112e+05
2.360112e+05
2.360112e+05
2.357818e+05
2.357818e+05
2.357818e+05
2.357818e+05
2.350136e+05
2.350136e+05
2.350136e+05
2.350136e+05
2.350136e+05
2.345429e+05
2.338056e+05
2.338056e+05
2.338056e+05
2.336659e+05
2.336659e+05
2.336659e+05
2.336659e+05
2.329217e+05
2.329217e+05
2.329217e+05
2.315671e+05
2.315671e+05
2.315671e+05
2.315282e+05
2.313686e+05
2.313686e+05
2.313686e+05
2.313686e+05
2.302083e+05
2.302083e+05
2.302083e+05
2.302083e+05
2.302083e+05
2.302083e+05
2.302083e+05
2.302083e+05
2.289871e+05
2.289871e+05
2.289871e+05
2.289871e+05
2.289871e+05
2.289871e+05
2.289871e+05
2.289871e+05
2.289871e+05
2.287821e+05
2.287821e+05
2.287821e+05
2.287291e+05
2.287291e+05
2.287291e+05
2.287291e+05
2.287291e+05
2.287291e+05
2.287291e+05
2.287291e+05
2.287291e+05
2.286456e+05
2.286456e+05
2.284912e+05
2.277074e+05
2.277074e+05
2.277074e+05
2.277074e+05
2.277074e+05
2.277074e+05
2.277074e+05
2.277074e+05
2.274556e+05
2.274556e+05
2.274556e+05
2.274556e+05
2.274556e+05
2.273234e+05
2.273234e+05
2.273234e+05
2.273234e+05
2.273234e+05
2.273234e+05
2.273234e+05
2.273234e+05
2.273234e+05
2.268532e+05
2.268532e+05
2.268532e+05
2.264841e+05
2.264841e+05
2.264841e+05
2.262841e+05
2.261545e+05
2.255211e+05
2.255211e+05
2.249049e+05
2.248427e+05
2.245821e+05
2.245821e+05
2.245821e+05
2.245821e+05
2.242535e+05
2.242535e+05
2.234980e+05
2.234980e+05
2.234980e+05
2.234980e+05
2.234980e+05
2.228322e+05
2.228322e+05
2.228322e+05
2.227418e+05
2.222266e+05
2.216832e+05
2.216832e+05
2.216832e+05
2.216832e+05
2.216312e+05
2.216312e+05
2.216312e+05
2.216312e+05
2.215765e+05
2.204671e+05
2.204671e+05
2.204671e+05
2.204671e+05
2.204671e+05
2.204671e+05
2.204671e+05
2.202965e+05
2.202344e+05
2.202344e+05
2.202344e+05
2.196246e+05
2.196246e+05
2.196246e+05
2.196246e+05
2.196246e+05
2.191960e+05
2.191960e+05
2.191960e+05
2.191960e+05
2.191960e+05
2.189861e+05
2.187886e+05
2.186016e+05
2.186016e+05
2.186016e+05
2.186016e+05
2.186016e+05
2.178791e+05
2.178791e+05
2.178791e+05
2.178791e+05
2.178791e+05
2.178791e+05
2.178791e+05
2.178485e+05
2.178485e+05
2.178485e+05
2.178485e+05
2.178485e+05
2.174671e+05
2.174671e+05
2.174671e+05
2.174671e+05
2.173245e+05
2.173245e+05
2.170320e+05
2.170320e+05
2.170320e+05
2.170320e+05
2.170184e+05
2.170184e+05
2.170184e+05
2.170184e+05
2.168752e+05
2.168752e+05
2.167925e+05
2.167925e+05
2.167380e+05
2.167380e+05
2.166967e+05
2.166137e+05
2.160704e+05
2.160704e+05
2.155579e+05
2.155579e+05
2.155579e+05
2.155579e+05
2.155524e+05
2.155524e+05
2.155524e+05
2.155524e+05
2.154133e+05
2.151499e+05
2.151499e+05
2.151499e+05
2.151499e+05
2.148021e+05
2.147334e+05
2.147334e+05
2.147334e+05
2.147334e+05
2.142609e+05
2.138575e+05
2.133376e+05
2.118288e+05
2.118288e+05
2.115668e+05
2.112476e+05
2.112476e+05
2.112476e+05
2.112476e+05
2.091354e+05
2.091354e+05
2.091354e+05
2.091354e+05
2.091354e+05
2.091354e+05
2.070609e+05
2.050228e+05
2.050228e+05
2.050228e+05
2.050228e+05
2.043621e+05
2.043621e+05
2.043621e+05
2.043621e+05
2.024599e+05
2.024599e+05
2.022684e+05
2.021896e+05
2.021896e+05
2.021896e+05
2.021896e+05
2.021896e+05
2.021896e+05
2.021896e+05
2.021896e+05
2.001134e+05
1.996006e+05
1.996006e+05
1.989110e+05
1.987748e+05
1.987748e+05
1.977350e+05
1.977350e+05
1.977350e+05
1.962522e+05
1.962522e+05
1.961366e+05
1.961366e+05
1.961366e+05
1.950624e+05
1.950304e+05
1.939932e+05
1.939932e+05
1.931752e+05
1.931752e+05
1.931752e+05
1.929095e+05
1.929095e+05
1.928729e+05
1.928729e+05
1.928729e+05
1.912649e+05
1.912649e+05
1.901949e+05
1.898902e+05
1.871209e+05
1.871209e+05
1.871209e+05
1.847331e+05
1.847331e+05
1.847331e+05
1.847331e+05
1.847331e+05
1.847331e+05
1.847331e+05
1.847331e+05
1.847331e+05
1.847331e+05
1.837953e+05
1.837953e+05
1.837953e+05
1.837953e+05
1.837953e+05
1.837953e+05
1.837953e+05
1.833432e+05
1.833432e+05
1.833432e+05
1.833432e+05
1.825864e+05
1.825864e+05
1.825864e+05
1.810424e+05
1.809001e+05
1.804764e+05
1.803334e+05
1.803334e+05
1.803334e+05
1.790563e+05
1.790563e+05
1.790563e+05
1.790563e+05
1.790563e+05
1.790563e+05
1.790563e+05
1.790563e+05
1.765630e+05
1.765630e+05
1.757370e+05
1.757370e+05
1.757370e+05
1.757370e+05
1.757370e+05
1.757370e+05
1.751121e+05
1.751121e+05
1.751121e+05
1.744820e+05
1.744820e+05
1.744820e+05
1.744820e+05
1.744820e+05
1.744820e+05
1.744820e+05
1.741850e+05
1.741850e+05
1.741850e+05
1.741850e+05
1.741850e+05
1.741234e+05
1.741234e+05
1.741234e+05
1.715046e+05
1.715046e+05
1.715046e+05
1.715046e+05
1.714591e+05
1.714519e+05
1.710618e+05
1.707957e+05
1.707957e+05
1.707957e+05
1.704194e+05
1.690595e+05
1.690595e+05
1.689857e+05
1.681434e+05
1.681434e+05
1.681434e+05
1.671689e+05
1.671689e+05
1.671689e+05
1.665982e+05
1.665982e+05
1.660224e+05
1.660224e+05
1.660224e+05
1.660224e+05
1.660224e+05
1.660224e+05
1.659521e+05
1.652679e+05
1.642104e+05
1.642104e+05
1.642104e+05
1.632919e+05
1.626488e+05
1.626488e+05
1.626488e+05
1.626488e+05
1.620321e+05
1.620321e+05
1.620321e+05
1.620321e+05
1.620321e+05
1.620321e+05
1.611255e+05
1.611255e+05
1.598087e+05
1.598087e+05
1.598087e+05
1.593881e+05
1.585195e+05
1.585195e+05
1.585195e+05
1.585195e+05
1.565277e+05
1.565277e+05
1.565277e+05
1.539327e+05
1.539327e+05
1.539327e+05
1.539327e+05
1.539327e+05
1.539327e+05
1.539327e+05
1.539327e+05
1.539327e+05
1.539327e+05
1.539327e+05
1.538484e+05
1.538484e+05
1.528744e+05
1.528744e+05
1.528744e+05
1.528744e+05
1.526416e+05
1.526416e+05
1.526416e+05
1.522583e+05
1.511677e+05
1.511677e+05
1.511677e+05
1.511677e+05
1.511677e+05
1.496722e+05
1.496722e+05
1.496722e+05
1.493860e+05
1.472278e+05
1.466153e+05
1.466153e+05
1.455232e+05
1.455232e+05
1.455232e+05
1.435565e+05
1.435565e+05
1.435565e+05
1.431909e+05
1.431909e+05
1.431909e+05
1.431909e+05
1.431909e+05
1.431909e+05
1.431909e+05
1.398603e+05
1.398603e+05
1.398603e+05
1.398603e+05
1.398603e+05
1.398603e+05
1.381048e+05
1.381048e+05
1.381048e+05
1.381048e+05
1.381048e+05
1.381048e+05
1.381048e+05
1.381048e+05
1.357109e+05
1.357109e+05
1.353107e+05
1.348292e+05
1.343641e+05
1.343641e+05
1.343641e+05
1.343641e+05
1.343641e+05
1.341896e+05
1.341896e+05
1.341896e+05
1.341896e+05
1.341896e+05
1.341896e+05
1.341896e+05
1.341896e+05
1.332611e+05
1.332611e+05
1.332611e+05
1.332611e+05
1.332611e+05
1.332611e+05
1.332611e+05
1.332611e+05
1.332611e+05
1.332611e+05
1.332611e+05
1.315565e+05
1.312732e+05
1.312732e+05
1.312732e+05
1.312732e+05
1.312732e+05
1.312732e+05
1.312732e+05
1.312732e+05
1.310831e+05
1.293720e+05
1.293720e+05
1.293720e+05
1.293720e+05
1.293720e+05
1.293720e+05
1.293720e+05
1.293720e+05
1.293720e+05
1.293720e+05
1.293720e+05
1.293720e+05
1.293720e+05
1.293720e+05
1.293720e+05
1.293720e+05
1.293720e+05
1.293720e+05
1.293720e+05
1.293720e+05
1.293720e+05
1.293720e+05
1.293720e+05
1.290935e+05
1.290935e+05
1.290935e+05
1.290935e+05
1.290935e+05
1.290935e+05
1.289904e+05
1.287325e+05
1.287325e+05
1.287325e+05
1.287325e+05
1.285512e+05
1.283390e+05
1.283390e+05
1.283390e+05
1.283390e+05
1.282710e+05
1.276029e+05
1.262437e+05
1.262437e+05
1.262437e+05
1.258069e+05
1.258069e+05
1.258069e+05
1.258069e+05
1.258069e+05
1.258069e+05
1.256568e+05
1.256568e+05
1.256568e+05
1.256568e+05
1.256509e+05
1.249384e+05
1.249384e+05
1.248922e+05
1.248922e+05
1.241649e+05
1.223878e+05
1.223878e+05
1.221281e+05
1.221281e+05
1.221281e+05
1.221281e+05
1.221281e+05
1.221281e+05
1.221281e+05
1.202061e+05
1.202061e+05
1.202061e+05
1.193435e+05
1.193435e+05
1.191576e+05
1.191576e+05
1.186737e+05
1.186737e+05
1.181658e+05
1.181658e+05
1.181658e+05
1.154851e+05
1.154851e+05
1.154851e+05
1.154157e+05
1.154157e+05
1.154157e+05
1.152407e+05
1.150955e+05
1.148858e+05
1.148858e+05
1.145044e+05
1.145044e+05
1.145044e+05
1.145044e+05
1.144203e+05
1.144203e+05
1.144203e+05
1.135770e+05
1.127684e+05
1.127684e+05
1.127684e+05
1.127684e+05
1.127684e+05
1.124394e+05
1.124394e+05
1.123137e+05
1.121942e+05
1.121942e+05
1.121942e+05
1.121942e+05
1.118639e+05
1.118639e+05
1.118639e+05
1.112330e+05
1.109330e+05
1.109330e+05
1.106903e+05
1.106903e+05
1.106903e+05
1.106903e+05
1.106903e+05
1.106903e+05
1.106903e+05
1.106903e+05
1.104970e+05
1.103870e+05
1.103870e+05
1.103870e+05
1.103870e+05
1.100119e+05
1.100119e+05
1.100119e+05
1.098310e+05
1.098310e+05
1.098310e+05
1.098310e+05
1.098310e+05
1.098310e+05
1.098310e+05
1.094527e+05
1.090836e+05
1.090836e+05
1.090836e+05
1.090836e+05
1.086509e+05
1.086509e+05
1.085909e+05
1.083647e+05
1.083647e+05
1.083647e+05
1.083408e+05
1.083408e+05
1.083408e+05
1.083408e+05
1.083408e+05
1.080391e+05
1.078900e+05
1.078295e+05
1.078295e+05
1.077556e+05
1.073107e+05
1.073107e+05
1.073107e+05
1.073107e+05
1.073107e+05
1.073107e+05
1.067833e+05
1.067833e+05
1.067833e+05
1.059130e+05
1.059130e+05
1.059130e+05
1.059130e+05
1.059130e+05
1.051921e+05
1.051921e+05
1.051921e+05
1.050248e+05
1.049782e+05
1.049782e+05
1.049782e+05
1.049451e+05
1.047782e+05
1.045789e+05
1.045789e+05
1.041477e+05
1.038797e+05
1.038797e+05
1.038797e+05
1.038797e+05
1.038797e+05
1.038797e+05
1.038797e+05
1.038768e+05
1.038768e+05
1.038768e+05
1.037335e+05
1.036285e+05
1.036285e+05
1.035529e+05
1.035529e+05
1.035529e+05
1.035529e+05
1.035529e+05
1.035529e+05
1.035529e+05
1.032125e+05
1.032125e+05
1.032125e+05
1.031974e+05
1.031974e+05
1.031974e+05
1.031627e+05
1.029791e+05
1.029791e+05
1.027692e+05
1.027692e+05
1.027692e+05
1.027692e+05
1.027692e+05
1.027692e+05
1.027577e+05
1.027577e+05
1.027409e+05
1.027409e+05
1.026410e+05
1.026410e+05
1.026410e+05
1.026410e+05
1.025279e+05
1.024635e+05
1.024635e+05
1.024635e+05
1.024245e+05
1.024245e+05
1.023391e+05
1.022687e+05
1.022687e+05
1.022687e+05
1.019836e+05
1.019836e+05
1.015144e+05
1.015144e+05
1.015144e+05
1.012070e+05
1.012070e+05
1.012070e+05
1.012070e+05
1.012070e+05
1.012070e+05
1.012070e+05
1.012070e+05
1.012070e+05
1.012070e+05
1.011699e+05
1.011699e+05
1.011699e+05
1.011699e+05
1.011699e+05
1.011699e+05
1.011592e+05
1.006345e+05
1.006345e+05
1.006345e+05
1.006345e+05
1.006345e+05
1.006345e+05
1.006345e+05
1.006345e+05
1.006345e+05
1.006345e+05
1.006345e+05
1.006345e+05
1.006345e+05
1.006345e+05
1.006345e+05
1.006345e+05
1.006345e+05
1.006345e+05
1.006173e+05
1.001298e+05
1.001292e+05
1.000334e+05
1.000334e+05
9.984481e+04
9.984481e+04
9.940042e+04
9.940042e+04
9.940042e+04
9.891084e+04
9.891084e+04
9.878424e+04
9.876209e+04
9.866529e+04
9.866529e+04
9.866529e+04
9.866529e+04
9.866529e+04
9.866529e+04
9.866529e+04
9.866529e+04
9.866529e+04
9.866529e+04
9.851953e+04
9.824460e+04
9.824460e+04
9.824460e+04
9.824460e+04
9.824460e+04
9.824460e+04
9.824460e+04
9.824460e+04
9.824460e+04
9.824460e+04
9.809231e+04
9.809231e+04
9.809231e+04
9.809231e+04
9.788444e+04
9.788444e+04
9.774588e+04
9.774588e+04
9.757141e+04
9.757141e+04
9.757141e+04
9.756136e+04
9.756136e+04
9.756136e+04
9.756136e+04
9.754656e+04
9.733356e+04
9.733356e+04
9.717950e+04
9.717950e+04
9.717950e+04
9.717950e+04
9.710738e+04
9.710738e+04
9.710738e+04
9.701783e+04
9.701783e+04
9.680979e+04
9.680979e+04
9.627366e+04
9.627366e+04
9.627366e+04
9.627366e+04
9.627366e+04
9.627366e+04
9.627366e+04
9.627366e+04
9.627366e+04
9.627366e+04
9.627366e+04
9.627366e+04
9.627366e+04
9.627366e+04
9.622226e+04
9.590031e+04
9.588730e+04
9.588730e+04
9.568854e+04
9.562437e+04
9.457170e+04
9.457170e+04
9.412998e+04
9.412998e+04
9.390171e+04
9.386629e+04
9.386629e+04
9.386629e+04
9.354306e+04
9.346544e+04
9.346544e+04
9.262267e+04
9.262267e+04
9.178709e+04
9.178709e+04
9.178709e+04
9.178709e+04
9.178709e+04
9.167207e+04
9.144902e+04
9.144180e+04
9.144180e+04
9.144180e+04
9.144180e+04
9.144180e+04
9.105752e+04
9.077168e+04
9.077168e+04
9.030803e+04
9.030803e+04
9.030803e+04
9.030803e+04
9.030803e+04
9.030803e+04
9.012147e+04
9.012147e+04
9.012147e+04
8.989762e+04
8.989762e+04
8.979828e+04
8.979828e+04
8.973539e+04
8.973539e+04
8.973539e+04
8.973539e+04
8.920556e+04
8.920556e+04
8.920556e+04
8.907175e+04
8.907175e+04
8.899674e+04
8.899674e+04
8.899674e+04
8.899674e+04
8.891205e+04
8.891205e+04
8.891205e+04
8.889348e+04
8.836810e+04
8.826582e+04
8.783461e+04
8.783461e+04
8.783461e+04
8.783461e+04
8.783461e+04
8.753423e+04
8.753423e+04
8.753423e+04
8.753423e+04
8.751483e+04
8.751483e+04
8.751483e+04
8.751483e+04
8.751483e+04
8.751483e+04
8.751483e+04
8.745596e+04
8.745596e+04
8.745359e+04
8.720494e+04
8.692285e+04
8.692285e+04
8.692285e+04
8.676759e+04
8.676759e+04
8.676759e+04
8.676759e+04
8.676759e+04
8.676759e+04
8.658596e+04
8.658596e+04
8.649730e+04
8.649730e+04
8.626655e+04
8.626655e+04
8.626655e+04
8.626655e+04
8.623580e+04
8.623580e+04
8.623580e+04
8.562047e+04
8.562047e+04
8.562047e+04
8.562047e+04
8.562047e+04
8.562047e+04
8.562047e+04
8.562047e+04
8.562047e+04
8.562047e+04
8.562047e+04
8.562047e+04
8.562047e+04
8.562047e+04
8.549690e+04
8.541561e+04
8.541561e+04
8.541561e+04
8.541561e+04
8.526442e+04
8.526442e+04
8.515172e+04
8.515172e+04
8.505634e+04
8.502527e+04
8.502527e+04
8.486665e+04
8.467781e+04
8.467781e+04
8.467781e+04
8.467781e+04
8.465966e+04
8.465966e+04
8.465966e+04
8.465966e+04
8.449504e+04
8.449504e+04
8.439891e+04
8.425603e+04
8.425603e+04
8.425603e+04
8.425603e+04
8.425603e+04
8.422210e+04
8.422210e+04
8.422210e+04
8.422210e+04
8.408991e+04
8.381717e+04
8.381717e+04
8.377217e+04
8.336621e+04
8.336621e+04
8.336621e+04
8.336621e+04
8.321965e+04
8.321965e+04
8.305171e+04
8.305171e+04
8.300322e+04
8.300322e+04
8.287492e+04
8.287492e+04
8.277536e+04
8.277536e+04
8.277536e+04
8.277536e+04
8.277536e+04
8.256344e+04
8.256344e+04
8.245403e+04
8.226654e+04
8.226654e+04
8.226654e+04
8.226654e+04
8.226654e+04
8.226654e+04
8.204609e+04
8.163699e+04
8.163699e+04
8.163699e+04
8.163699e+04
8.163699e+04
8.163699e+04
8.160138e+04
8.151422e+04
8.140623e+04
8.084182e+04
8.084182e+04
8.084182e+04
8.065349e+04
8.065349e+04
8.065349e+04
8.065349e+04
8.065349e+04
8.065349e+04
8.019166e+04
8.019166e+04
8.019166e+04
7.970492e+04
7.970492e+04
7.941691e+04
7.941691e+04
7.941691e+04
7.906355e+04
7.906355e+04
7.904645e+04
7.904645e+04
7.904645e+04
7.904645e+04
7.904645e+04
7.904645e+04
7.904645e+04
7.904645e+04
7.820109e+04
7.820109e+04
7.808713e+04
7.808713e+04
7.808713e+04
7.808713e+04
7.808713e+04
7.808713e+04
7.803474e+04
7.803474e+04
7.803474e+04
7.790171e+04
7.790171e+04
7.790171e+04
7.757837e+04
7.757837e+04
7.757837e+04
7.757837e+04
7.712096e+04
7.712096e+04
7.712096e+04
7.712096e+04
7.712096e+04
7.712096e+04
7.712096e+04
7.712096e+04
7.712096e+04
7.712096e+04
7.712096e+04
7.712096e+04
7.712096e+04
7.712096e+04
7.712096e+04
7.657955e+04
7.657955e+04
7.657955e+04
7.657955e+04
7.657955e+04
7.657851e+04
7.657851e+04
7.657851e+04
7.657851e+04
7.657851e+04
7.657851e+04
7.657851e+04
7.657851e+04
7.657851e+04
7.657724e+04
7.657724e+04
7.657724e+04
7.645992e+04
7.606539e+04
7.606539e+04
7.606539e+04
7.606539e+04
7.601775e+04
7.601775e+04
7.601775e+04
7.601775e+04
7.601775e+04
7.601775e+04
7.601775e+04
7.601775e+04
7.601775e+04
7.601775e+04
7.595861e+04
7.595861e+04
7.594971e+04
7.588648e+04
7.588648e+04
7.585494e+04
7.575295e+04
7.575295e+04
7.575295e+04
7.559986e+04
7.559986e+04
7.559986e+04
7.559986e+04
7.559986e+04
7.559780e+04
7.559780e+04
7.506706e+04
7.506706e+04
7.500126e+04
7.500126e+04
7.494371e+04
7.493774e+04
7.493774e+04
7.489421e+04
7.489421e+04
7.455764e+04
7.455764e+04
7.455764e+04
7.455764e+04
7.449220e+04
7.449220e+04
7.449220e+04
7.408847e+04
7.408847e+04
7.408847e+04
7.408847e+04
7.400045e+04
7.400045e+04
7.400045e+04
7.400045e+04
7.400045e+04
7.400045e+04
7.400045e+04
7.393672e+04
7.388099e+04
7.366269e+04
7.366269e+04
7.366269e+04
7.364730e+04
7.360348e+04
7.360348e+04
7.337188e+04
7.337188e+04
7.337188e+04
7.337188e+04
7.337188e+04
7.337188e+04
7.336884e+04
7.300931e+04
7.300931e+04
7.296173e+04
7.296173e+04
7.287043e+04
7.262409e+04
7.262409e+04
7.262409e+04
7.262231e+04
7.260911e+04
7.259058e+04
7.249495e+04
7.249495e+04
7.232024e+04
7.218582e+04
7.218582e+04
7.218582e+04
7.216546e+04
7.216546e+04
7.208984e+04
7.208984e+04
7.208984e+04
7.208715e+04
7.208715e+04
7.199395e+04
7.191093e+04
7.191093e+04
7.182605e+04
7.172453e+04
7.172453e+04
7.165402e+04
7.165402e+04
7.126537e+04
7.126537e+04
7.123972e+04
7.123972e+04
7.123972e+04
7.123972e+04
7.105708e+04
7.105708e+04
7.105708e+04
7.105708e+04
7.105708e+04
7.105708e+04
7.105708e+04
7.105708e+04
7.105708e+04
7.105708e+04
7.094381e+04
7.094381e+04
7.081752e+04
7.081752e+04
7.081752e+04
7.081752e+04
7.060592e+04
7.060592e+04
7.060592e+04
7.060592e+04
7.043776e+04
7.043776e+04
7.043776e+04
7.043776e+04
7.043776e+04
7.040868e+04
7.040868e+04
7.040868e+04
7.040868e+04
7.040868e+04
7.031235e+04
7.031235e+04
7.031235e+04
7.031235e+04
7.031235e+04
7.026042e+04
7.025957e+04
7.025957e+04
7.013032e+04
7.011188e+04
7.011188e+04
7.011188e+04
7.011188e+04
7.011188e+04
7.011188e+04
7.011188e+04
7.011188e+04
7.011188e+04
7.011188e+04
7.011188e+04
7.011188e+04
7.008566e+04
7.008566e+04
7.002249e+04
7.002249e+04
7.002249e+04
6.999479e+04
6.999479e+04
6.997668e+04
6.990599e+04
6.990599e+04
6.990599e+04
6.990599e+04
6.990599e+04
6.990599e+04
6.987229e+04
6.987229e+04
6.987229e+04
6.987229e+04
6.987229e+04
6.987229e+04
6.971634e+04
6.966603e+04
6.966603e+04
6.966603e+04
6.966603e+04
6.966097e+04
6.963107e+04
6.963107e+04
6.963107e+04
6.963107e+04
6.963107e+04
6.960507e+04
6.954153e+04
6.951611e+04
6.951611e+04
6.951611e+04
6.951611e+04
6.951611e+04
6.951611e+04
6.951611e+04
6.947612e+04
6.942900e+04
6.934848e+04
6.934848e+04
6.930712e+04
6.930712e+04
6.930712e+04
6.930712e+04
6.930712e+04
6.930712e+04
6.930712e+04
6.930712e+04
6.928018e+04
6.928018e+04
6.928018e+04
6.928018e+04
6.924887e+04
6.923581e+04
6.921484e+04
6.921484e+04
6.921484e+04
6.921484e+04
6.910186e+04
6.910186e+04
6.899558e+04
6.899558e+04
6.899558e+04
6.895781e+04
6.895781e+04
6.885190e+04
6.885190e+04
6.885190e+04
6.885190e+04
6.885190e+04
6.885190e+04
6.868627e+04
6.868627e+04
6.857007e+04
6.857007e+04
6.857007e+04
6.857007e+04
6.857007e+04
6.857007e+04
6.857007e+04
6.857007e+04
6.857007e+04
6.857007e+04
6.857007e+04
6.857007e+04
6.855842e+04
6.855842e+04
6.838102e+04
6.838102e+04
6.838102e+04
6.821719e+04
6.821719e+04
6.821719e+04
6.819472e+04
6.819472e+04
6.819472e+04
6.819472e+04
6.807165e+04
6.802005e+04
6.802005e+04
6.802005e+04
6.802005e+04
6.802005e+04
6.802005e+04
6.802005e+04
6.802005e+04
6.802005e+04
6.802005e+04
6.802005e+04
6.802005e+04
6.802005e+04
6.802005e+04
6.802005e+04
6.802005e+04
6.802005e+04
6.802005e+04
6.802005e+04
6.802005e+04
6.802005e+04
6.802005e+04
6.802005e+04
6.792178e+04
6.792178e+04
6.792178e+04
6.792178e+04
6.792178e+04
6.792178e+04
6.792178e+04
6.792178e+04
6.792178e+04
6.792178e+04
6.792178e+04
6.792178e+04
6.792178e+04
6.784708e+04
6.784708e+04
6.784708e+04
6.775011e+04
6.775011e+04
6.775011e+04
6.775011e+04
6.775011e+04
6.775011e+04
6.775011e+04
6.775011e+04
6.775011e+04
6.775011e+04
6.775011e+04
6.775011e+04
6.771406e+04
6.771406e+04
6.771406e+04
6.765519e+04
6.762716e+04
6.751103e+04
6.740001e+04
6.740001e+04
6.735437e+04
6.735437e+04
6.735437e+04
6.704039e+04
6.704039e+04
6.704039e+04
6.703473e+04
6.703473e+04
6.696690e+04
6.696690e+04
6.677466e+04
6.676589e+04
6.672082e+04
6.672082e+04
6.666592e+04
6.666592e+04
6.666592e+04
6.666592e+04
6.666592e+04
6.666592e+04
6.657851e+04
6.657851e+04
6.640955e+04
6.640955e+04
6.640955e+04
6.636419e+04
6.636419e+04
6.631347e+04
6.631347e+04
6.631347e+04
6.607693e+04
6.607693e+04
6.607693e+04
6.607693e+04
6.607693e+04
6.607693e+04
6.607693e+04
6.607693e+04
6.607693e+04
6.607693e+04
6.607693e+04
6.593570e+04
6.593570e+04
6.593570e+04
6.592622e+04
6.578610e+04
6.568534e+04
6.568534e+04
6.568534e+04
6.568534e+04
6.568534e+04
6.560996e+04
6.560996e+04
6.549810e+04
6.549810e+04
6.549810e+04
6.549810e+04
6.549810e+04
6.548552e+04
6.547866e+04
6.547866e+04
6.547866e+04
6.543671e+04
6.543671e+04
6.543671e+04
6.543671e+04
6.543671e+04
6.536627e+04
6.536627e+04
6.536627e+04
6.536627e+04
6.536627e+04
6.536627e+04
6.536627e+04
6.536627e+04
6.536627e+04
6.536627e+04
6.536627e+04
6.536627e+04
6.536627e+04
6.535461e+04
6.534215e+04
6.533625e+04
6.532638e+04
6.531445e+04
6.523828e+04
6.523828e+04
6.523828e+04
6.519001e+04
6.519001e+04
6.514970e+04
6.514970e+04
6.514970e+04
6.514970e+04
6.514970e+04
6.514970e+04
6.514970e+04
6.514915e+04
6.514915e+04
6.514832e+04
6.507247e+04
6.507247e+04
6.507247e+04
6.507247e+04
6.507247e+04
6.495378e+04
6.495378e+04
6.495378e+04
6.485379e+04
6.485379e+04
6.484872e+04
6.480155e+04
6.480155e+04
6.480155e+04
6.480155e+04
6.480155e+04
6.480155e+04
6.480155e+04
6.479829e+04
6.479593e+04
6.479593e+04
6.475188e+04
6.475188e+04
6.469175e+04
6.469175e+04
6.469175e+04
6.466234e+04
6.462941e+04
6.458747e+04
6.454575e+04
6.454575e+04
6.454575e+04
6.451678e+04
6.451331e+04
6.443054e+04
6.443054e+04
6.435486e+04
6.427549e+04
6.427549e+04
6.423256e+04
6.423256e+04
6.423256e+04
6.423256e+04
6.413479e+04
6.413479e+04
6.413479e+04
6.413479e+04
6.413479e+04
6.413479e+04
6.403530e+04
6.403530e+04
6.398995e+04
6.398995e+04
6.393196e+04
6.393196e+04
6.393196e+04
6.393196e+04
6.393196e+04
6.393196e+04
6.393196e+04
6.381609e+04
6.381609e+04
6.381609e+04
6.381609e+04
6.381609e+04
6.381609e+04
6.381609e+04
6.374937e+04
6.374937e+04
6.369859e+04
6.369859e+04
6.369859e+04
6.369859e+04
6.367393e+04
6.367393e+04
6.367393e+04
6.367393e+04
6.363386e+04
6.363386e+04
6.357652e+04
6.357652e+04
6.357652e+04
6.357652e+04
6.357652e+04
6.352221e+04
6.352221e+04
6.352221e+04
6.352221e+04
6.350113e+04
6.350113e+04
6.345164e+04
6.345164e+04
6.345164e+04
6.345164e+04
6.345164e+04
6.334190e+04
6.334190e+04
6.334190e+04
6.333438e+04
6.333438e+04
6.332563e+04
6.329166e+04
6.320755e+04
6.320755e+04
6.320755e+04
6.320755e+04
6.320755e+04
6.320755e+04
6.319901e+04
6.319901e+04
6.307632e+04
6.307632e+04
6.306477e+04
4.134293e+09
4.134293e+09
3.471502e+09
3.070436e+09
2.825007e+09
2.825007e+09
2.327333e+09
2.327333e+09
2.246394e+09
2.246394e+09
1.028661e+09
1.028661e+09
1.028661e+09
1.028661e+09
9.597909e+08
6.143787e+08
6.143787e+08
6.143787e+08
6.143787e+08
6.143787e+08
6.143787e+08
6.143787e+08
6.143787e+08
6.143787e+08
3.932431e+08
3.932431e+08
3.932431e+08
3.932431e+08
3.932431e+08
3.932431e+08
3.932431e+08
3.932431e+08
3.932431e+08
3.932431e+08
3.215059e+08
3.208615e+08
3.208615e+08
3.208615e+08
3.208615e+08
3.208615e+08
3.208615e+08
3.027778e+08
3.027778e+08
2.536368e+08
2.245287e+08
2.114875e+08
1.947592e+08
1.338954e+08
1.101357e+08
1.090837e+08
1.090837e+08
1.090837e+08
1.090837e+08
1.090837e+08
1.034307e+08
9.083778e+07
7.731179e+07
7.100079e+07
7.100079e+07
6.634910e+07
6.634910e+07
6.317644e+07
6.317644e+07
4.924292e+07
4.924292e+07
4.924292e+07
4.924292e+07
4.924292e+07
4.581947e+07
4.581947e+07
4.202131e+07
4.202131e+07
4.202131e+07
4.202131e+07
4.202131e+07
4.202131e+07
3.442274e+07
3.442274e+07
3.442274e+07
3.442274e+07
3.309902e+07
3.148594e+07
2.371357e+07
1.361033e+07
1.361033e+07
1.361033e+07
1.361033e+07
1.361033e+07
1.361033e+07
1.361033e+07
1.361033e+07
1.361033e+07
1.361033e+07
1.361033e+07
1.361033e+07
1.361033e+07
1.361033e+07
1.361033e+07
1.361033e+07
1.361033e+07
1.361033e+07
1.361033e+07
1.348294e+07
1.348294e+07
1.348294e+07
1.166387e+07
1.166387e+07
8.997584e+06
8.997584e+06
8.997584e+06
8.997584e+06
8.997584e+06
8.997584e+06
8.997584e+06
8.997584e+06
8.997584e+06
8.997584e+06
8.997584e+06
8.826349e+06
8.485694e+06
7.441539e+06
7.441539e+06
7.051198e+06
7.051198e+06
7.051198e+06
7.051198e+06
7.051198e+06
6.728653e+06
6.728653e+06
6.665472e+06
6.542039e+06
6.433718e+06
6.433718e+06
6.433718e+06
6.289847e+06
5.590535e+06
5.590535e+06
5.590535e+06
5.590535e+06
5.590535e+06
5.590535e+06
5.338644e+06
4.976948e+06
4.849886e+06
4.849886e+06
4.792931e+06
4.730386e+06
4.730386e+06
4.730386e+06
4.730386e+06
4.730386e+06
4.730386e+06
4.437624e+06
4.437624e+06
4.437624e+06
4.132233e+06
3.992147e+06
3.879977e+06
3.879977e+06
3.695311e+06
3.695311e+06
3.538901e+06
3.538901e+06
3.297227e+06
3.297227e+06
3.297227e+06
3.297227e+06
3.297227e+06
3.297227e+06
2.965880e+06
2.877962e+06
2.866955e+06
2.866955e+06
2.866955e+06
2.667297e+06
2.667297e+06
2.667297e+06
2.667297e+06
2.667297e+06
2.667297e+06
2.667297e+06
2.667297e+06
2.667297e+06
2.667297e+06
2.667297e+06
2.497178e+06
2.497178e+06
2.497178e+06
2.497178e+06
2.408713e+06
2.408713e+06
2.408713e+06
2.393684e+06
2.378098e+06
2.184592e+06
2.104723e+06
2.104723e+06
2.104723e+06
2.104723e+06
2.104723e+06
2.104723e+06
2.104723e+06
2.104723e+06
2.104723e+06
2.104723e+06
2.076468e+06
2.043581e+06
2.043581e+06
1.983983e+06
1.983433e+06
1.980118e+06
1.980118e+06
1.980118e+06
1.977746e+06
1.939569e+06
1.811197e+06
1.811197e+06
1.811197e+06
1.811197e+06
1.811197e+06
1.809659e+06
1.809659e+06
1.777519e+06
1.777519e+06
1.762749e+06
1.716765e+06
1.619783e+06
1.619314e+06
1.506259e+06
1.506259e+06
1.506259e+06
1.506259e+06
1.506259e+06
1.506259e+06
1.499400e+06
1.499400e+06
1.459581e+06
1.444528e+06
1.444528e+06
1.444528e+06
1.444528e+06
1.352607e+06
1.352607e+06
1.336329e+06
1.336329e+06
1.284242e+06
1.231300e+06
1.231300e+06
1.231300e+06
1.231300e+06
1.231300e+06
1.200307e+06
1.200307e+06
1.200307e+06
1.200307e+06
1.108270e+06
1.108270e+06
1.108270e+06
1.108270e+06
1.056582e+06
1.056582e+06
1.056582e+06
1.056582e+06
1.056582e+06
1.033389e+06
1.033389e+06
9.923904e+05
9.923904e+05
9.923904e+05
9.617521e+05
9.617521e+05
9.617521e+05
9.617521e+05
9.608502e+05
9.366837e+05
8.907257e+05
8.907257e+05
8.907257e+05
8.907257e+05
8.900178e+05
8.900178e+05
8.872067e+05
8.670362e+05
8.459346e+05
8.227785e+05
7.952031e+05
7.901329e+05
7.901329e+05
7.901329e+05
7.733848e+05
7.733848e+05
7.733848e+05
7.733848e+05
7.733848e+05
7.493919e+05
7.493919e+05
7.493919e+05
7.493919e+05
7.493919e+05
7.493919e+05
7.493919e+05
7.493919e+05
7.482708e+05
7.351730e+05
7.351730e+05
7.181625e+05
6.928686e+05
6.928686e+05
6.653641e+05
6.653641e+05
6.653641e+05
6.653641e+05
6.653641e+05
6.653641e+05
6.653641e+05
6.653641e+05
6.653641e+05
6.630724e+05
6.630724e+05
6.630724e+05
6.408900e+05
6.408900e+05
6.408900e+05
6.310288e+05
6.310288e+05
6.219434e+05
6.219434e+05
6.219434e+05
5.989763e+05
5.817512e+05
5.753200e+05
5.753200e+05
5.753200e+05
5.753200e+05
5.753200e+05
5.657188e+05
5.645539e+05
5.645539e+05
5.645539e+05
5.637052e+05
5.431435e+05
5.354216e+05
5.320418e+05
5.320418e+05
5.266858e+05
5.266858e+05
5.266858e+05
5.266858e+05
5.266858e+05
5.217863e+05
5.217863e+05
5.217863e+05
5.217863e+05
5.217863e+05
5.214195e+05
5.068075e+05
5.068075e+05
5.054864e+05
4.993671e+05
4.924409e+05
4.924409e+05
4.905562e+05
4.821400e+05
4.821400e+05
4.821400e+05
4.694756e+05
4.694756e+05
4.658590e+05
4.543676e+05
4.543676e+05
4.543676e+05
4.454909e+05
4.395583e+05
4.310767e+05
4.310767e+05
4.310767e+05
4.148166e+05
4.112783e+05
4.112783e+05
3.980229e+05
3.980229e+05
3.980229e+05
3.980229e+05
3.945915e+05
3.945915e+05
3.945915e+05
3.945915e+05
3.795151e+05
3.795151e+05
3.742603e+05
3.742603e+05
3.657555e+05
3.481938e+05
3.481938e+05
3.481938e+05
3.481938e+05
3.481938e+05
3.481938e+05
3.444534e+05
3.423174e+05
3.405674e+05
3.338256e+05
3.324960e+05
3.286697e+05
3.281387e+05
3.281387e+05
3.281387e+05
3.281387e+05
3.198713e+05
3.198713e+05
3.198713e+05
3.198713e+05
3.198713e+05
3.198713e+05
3.146891e+05
3.144254e+05
3.144254e+05
3.144254e+05
3.144254e+05
3.076989e+05
3.038292e+05
2.962324e+05
2.962324e+05
2.948063e+05
2.925364e+05
2.870787e+05
2.865627e+05
2.865627e+05
2.853018e+05
2.783029e+05
2.751411e+05
2.751411e+05
2.751411e+05
2.751411e+05
2.746466e+05
2.713553e+05
2.699151e+05
2.618109e+05
2.618109e+05
2.618109e+05
2.618109e+05
2.618109e+05
2.618109e+05
2.524861e+05
2.524861e+05
2.524861e+05
2.405739e+05
2.405739e+05
2.405739e+05
2.405739e+05
2.405739e+05
2.405739e+05
2.334832e+05
2.334832e+05
2.300348e+05
2.300348e+05
2.300348e+05
2.290139e+05
2.264386e+05
2.264386e+05
2.179182e+05
2.179182e+05
2.179182e+05
2.179182e+05
2.179182e+05
2.179182e+05
2.166087e+05
2.166087e+05
2.166087e+05
2.166087e+05
2.166087e+05
2.166087e+05
2.166087e+05
2.164036e+05
2.164036e+05
2.164036e+05
2.113017e+05
2.113017e+05
2.050224e+05
2.050224e+05
2.047253e+05
2.040372e+05
1.976769e+05
1.976769e+05
1.944815e+05
1.944815e+05
1.944815e+05
1.875937e+05
1.875937e+05
1.875937e+05
1.856786e+05
1.856786e+05
1.856786e+05
1.856786e+05
1.856786e+05
1.856786e+05
1.856786e+05
1.856786e+05
1.856786e+05
1.855254e+05
1.850827e+05
1.835646e+05
1.835646e+05
1.835646e+05
1.835451e+05
1.835451e+05
1.835451e+05
1.835451e+05
1.818518e+05
1.815687e+05
1.790035e+05
1.780658e+05
1.780658e+05
1.780658e+05
1.780658e+05
1.780658e+05
1.780658e+05
1.780658e+05
1.780658e+05
1.780658e+05
1.746429e+05
1.746429e+05
1.744076e+05
1.732632e+05
1.714046e+05
1.711210e+05
1.700053e+05
1.697127e+05
1.659298e+05
1.659298e+05
1.659298e+05
1.659298e+05
1.656905e+05
1.645517e+05
1.645517e+05
1.630090e+05
1.630090e+05
1.630090e+05
1.630090e+05
1.630090e+05
1.630090e+05
1.630090e+05
1.624429e+05
1.624429e+05
1.620902e+05
1.608079e+05
1.608079e+05
1.600811e+05
1.600811e+05
1.584244e+05
1.572494e+05
1.572494e+05
1.572494e+05
1.572494e+05
1.563692e+05
1.563692e+05
1.563692e+05
1.557373e+05
1.551974e+05
1.551974e+05
1.544616e+05
1.544616e+05
1.544616e+05
1.544616e+05
1.518765e+05
1.518765e+05
1.513681e+05
1.504664e+05
1.504664e+05
1.504664e+05
1.504664e+05
1.494999e+05
1.494999e+05
1.494999e+05
1.494999e+05
1.494999e+05
1.483020e+05
1.483020e+05
1.483020e+05
1.480483e+05
1.475775e+05
1.464199e+05
1.464199e+05
1.464199e+05
1.457881e+05
1.431734e+05
1.431734e+05
1.414912e+05
1.412516e+05
1.412516e+05
1.412516e+05
1.412516e+05
1.407235e+05
1.407235e+05
1.407235e+05
1.407235e+05
1.407235e+05
1.397676e+05
1.394577e+05
1.390355e+05
1.390355e+05
1.383732e+05
1.383732e+05
1.383732e+05
1.383732e+05
1.383732e+05
1.380562e+05
1.366834e+05
1.366834e+05
1.366834e+05
1.366834e+05
1.366834e+05
1.366834e+05
1.361260e+05
1.338737e+05
1.310594e+05
1.310594e+05
1.303101e+05
1.303101e+05
1.299858e+05
1.298470e+05
1.294153e+05
1.294153e+05
1.288001e+05
1.288001e+05
1.287688e+05
1.279656e+05
1.279656e+05
1.279656e+05
1.271007e+05
1.270456e+05
1.258112e+05
1.250180e+05
1.250180e+05
1.241591e+05
1.241591e+05
1.235183e+05
1.235183e+05
1.227520e+05
1.225518e+05
1.204167e+05
1.193682e+05
1.189907e+05
1.189907e+05
1.189626e+05
1.189626e+05
1.189626e+05
1.189626e+05
1.178823e+05
1.173040e+05
1.173040e+05
1.170362e+05
1.164575e+05
1.156083e+05
1.155957e+05
1.152575e+05
1.148438e+05
1.148438e+05
1.148438e+05
1.145180e+05
1.122955e+05
1.114041e+05
1.114041e+05
1.114041e+05
1.114041e+05
1.109479e+05
1.106345e+05
1.106345e+05
1.096993e+05
1.096993e+05
1.096993e+05
1.091922e+05
1.088960e+05
1.088960e+05
1.083859e+05
1.082329e+05
1.078181e+05
1.066625e+05
1.066625e+05
1.066435e+05
1.011519e+05
1.011519e+05
1.011519e+05
1.011519e+05
1.011519e+05
1.011519e+05
1.011519e+05
1.011519e+05
1.011519e+05
1.011519e+05
1.011519e+05
1.011519e+05
1.011519e+05
1.011519e+05
1.011519e+05
1.011519e+05
1.011519e+05
9.894732e+04
9.894732e+04
9.894732e+04
9.894732e+04
9.894732e+04
9.888135e+04
9.888135e+04
9.867679e+04
9.729569e+04
9.728446e+04
9.728446e+04
9.728446e+04
9.728446e+04
9.728446e+04
9.728446e+04
9.728446e+04
9.673337e+04
9.664350e+04
9.664350e+04
9.648743e+04
9.616577e+04
9.616577e+04
9.616577e+04
9.587536e+04
9.556762e+04
9.505545e+04
9.505545e+04
9.488995e+04
9.367919e+04
9.367919e+04
9.367919e+04
9.367919e+04
9.367919e+04
9.338867e+04
9.338867e+04
9.334609e+04
9.334609e+04
9.334609e+04
9.334609e+04
9.258717e+04
9.237720e+04
9.237720e+04
9.237720e+04
9.237720e+04
9.158687e+04
9.158687e+04
9.158687e+04
9.158687e+04
9.158687e+04
9.158687e+04
9.158687e+04
9.158687e+04
9.046947e+04
9.046947e+04
9.046947e+04
9.046947e+04
9.046947e+04
9.046947e+04
9.046947e+04
9.046947e+04
9.046947e+04
9.010681e+04
9.010681e+04
9.010681e+04
9.000723e+04
9.000723e+04
8.948825e+04
8.948825e+04
8.948825e+04
8.917960e+04
8.895408e+04
8.895408e+04
8.862327e+04
8.821890e+04
8.819470e+04
8.734152e+04
8.734152e+04
8.696460e+04
8.685509e+04
8.685509e+04
8.685318e+04
8.685318e+04
8.680920e+04
8.669005e+04
8.669005e+04
8.669005e+04
8.669005e+04
8.636122e+04
8.586702e+04
8.586702e+04
8.586702e+04
8.568027e+04
8.560560e+04
8.535170e+04
8.535170e+04
8.535170e+04
8.535170e+04
8.535170e+04
8.534163e+04
8.502917e+04
8.438337e+04
8.411291e+04
8.411291e+04
8.410940e+04
8.386961e+04
8.386961e+04
8.338328e+04
8.338328e+04
8.304546e+04
8.304546e+04
8.253036e+04
8.253036e+04
8.241466e+04
8.198780e+04
8.198780e+04
8.194170e+04
8.159077e+04
8.159077e+04
8.154806e+04
8.119499e+04
8.119499e+04
8.090607e+04
8.080025e+04
8.077855e+04
8.077855e+04
8.012672e+04
8.004852e+04
7.975932e+04
7.972033e+04
7.972033e+04
7.962209e+04
7.894115e+04
7.882411e+04
7.770921e+04
7.770921e+04
7.769442e+04
7.762062e+04
7.762062e+04
7.762062e+04
7.762062e+04
7.762062e+04
7.758360e+04
7.758360e+04
7.698146e+04
7.698146e+04
7.541311e+04
7.541311e+04
7.529714e+04
7.529714e+04
7.527319e+04
7.517687e+04
7.515806e+04
7.478819e+04
7.478819e+04
7.478819e+04
7.478819e+04
7.403874e+04
7.403874e+04
7.403874e+04
7.302933e+04
7.274578e+04
7.274578e+04
7.274578e+04
7.274578e+04
7.274578e+04
7.274578e+04
7.274578e+04
7.267627e+04
7.202639e+04
7.112392e+04
7.112392e+04
7.112392e+04
7.098387e+04
7.086303e+04
7.086303e+04
6.906109e+04
6.889300e+04
6.889300e+04
6.778727e+04
6.778727e+04
6.778727e+04
6.778727e+04
6.778727e+04
6.778727e+04
6.778727e+04
6.778727e+04
6.778727e+04
6.778727e+04
6.778727e+04
6.673945e+04
6.673945e+04
6.673945e+04
6.673945e+04
6.673945e+04
6.673945e+04
6.673945e+04
6.673945e+04
6.661223e+04
6.661223e+04
6.661223e+04
6.661223e+04
6.657669e+04
6.608688e+04
6.608688e+04
6.608688e+04
6.598582e+04
6.532949e+04
6.532949e+04
6.488489e+04
6.488489e+04
6.488489e+04
6.488489e+04
6.488489e+04
6.417091e+04
6.417091e+04
6.405121e+04
6.405121e+04
6.405121e+04
6.399454e+04
6.399454e+04
6.385902e+04
6.385902e+04
6.330914e+04
6.325886e+04
6.325886e+04
6.265333e+04
6.265333e+04
6.265333e+04
6.265333e+04
6.265333e+04
6.265333e+04
6.265333e+04
6.265333e+04
6.265333e+04
6.265333e+04
6.237545e+04
6.237545e+04
6.234128e+04
6.234128e+04
6.209095e+04
6.203250e+04
6.203250e+04
6.203250e+04
6.203250e+04
6.197563e+04
6.197563e+04
6.179273e+04
6.150135e+04
6.150135e+04
6.150135e+04
6.150135e+04
6.150135e+04
6.150135e+04
6.150135e+04
6.143024e+04
6.143024e+04
6.143024e+04
6.143024e+04
6.139178e+04
6.130484e+04
6.130484e+04
6.111882e+04
6.111882e+04
6.101136e+04
6.098873e+04
6.050972e+04
6.049026e+04
6.027270e+04
6.027270e+04
6.027270e+04
6.004857e+04
6.004857e+04
5.994087e+04
5.992636e+04
5.985284e+04
5.958787e+04
5.958787e+04
5.949568e+04
5.916790e+04
5.916790e+04
5.914052e+04
5.907791e+04
5.907791e+04
5.907791e+04
5.888043e+04
5.876650e+04
5.876650e+04
5.876650e+04
5.854132e+04
5.854132e+04
5.854132e+04
5.824826e+04
5.822959e+04
5.820602e+04
5.820602e+04
5.810800e+04
5.810800e+04
5.786032e+04
5.786032e+04
5.727613e+04
5.727613e+04
5.722945e+04
5.719005e+04
5.706693e+04
5.706693e+04
5.646096e+04
5.639010e+04
5.639010e+04
5.623549e+04
5.623549e+04
5.623549e+04
5.623549e+04
5.613282e+04
5.613282e+04
5.611623e+04
5.569218e+04
5.569218e+04
5.544502e+04
5.544502e+04
5.544502e+04
5.518258e+04
5.512532e+04
5.502224e+04
5.502224e+04
5.502224e+04
5.492080e+04
5.492080e+04
5.483981e+04
5.477177e+04
5.442700e+04
5.442700e+04
5.404450e+04
5.404450e+04
5.404450e+04
5.373024e+04
5.373024e+04
5.371665e+04
5.356099e+04
5.342385e+04
5.307044e+04
5.307044e+04
5.307044e+04
5.287956e+04
5.287956e+04
5.287956e+04
5.253776e+04
5.253776e+04
5.253776e+04
5.232387e+04
5.125664e+04
5.125664e+04
5.125664e+04
5.125664e+04
5.125664e+04
5.125664e+04
5.125664e+04
5.125664e+04
5.099355e+04
5.099355e+04
5.099355e+04
5.099355e+04
5.099355e+04
5.099355e+04
5.072701e+04
5.072701e+04
5.072701e+04
5.072701e+04
5.072701e+04
5.064789e+04
5.064600e+04
5.064600e+04
4.991946e+04
4.991946e+04
4.991946e+04
4.991946e+04
4.991946e+04
4.991946e+04
4.991946e+04
4.991946e+04
4.991946e+04
4.970823e+04
4.970823e+04
4.970823e+04
4.970823e+04
4.953246e+04
4.953246e+04
4.933718e+04
4.921202e+04
4.899432e+04
4.899432e+04
4.881777e+04
4.881777e+04
4.860260e+04
4.860260e+04
4.855606e+04
4.846119e+04
4.846119e+04
4.846119e+04
4.846119e+04
4.816382e+04
4.816382e+04
4.816382e+04
4.815884e+04
4.815884e+04
4.804451e+04
4.804451e+04
4.798675e+04
4.798675e+04
4.760805e+04
4.746019e+04
4.703843e+04
4.703843e+04
4.697706e+04
4.697706e+04
4.697294e+04
4.697294e+04
4.676517e+04
4.676517e+04
4.658456e+04
4.642263e+04
4.642263e+04
4.628989e+04
4.615174e+04
4.615174e+04
4.609504e+04
4.606836e+04
4.606836e+04
4.606836e+04
4.595024e+04
4.532328e+04
4.532328e+04
4.530494e+04
4.530494e+04
4.524328e+04
4.524328e+04
4.524328e+04
4.524328e+04
4.524328e+04
4.510591e+04
4.510591e+04
4.510361e+04
4.510361e+04
4.418985e+04
4.418985e+04
4.417182e+04
4.417182e+04
4.417182e+04
4.417182e+04
4.417182e+04
4.417182e+04
4.414415e+04
4.414415e+04
4.393002e+04
4.393002e+04
4.393002e+04
4.393002e+04
4.391958e+04
4.353977e+04
4.336334e+04
4.336334e+04
4.336334e+04
4.322281e+04
4.322281e+04
4.322281e+04
4.322281e+04
4.312374e+04
4.312374e+04
4.300523e+04
4.294302e+04
4.288088e+04
4.232547e+04
4.232547e+04
4.232547e+04
4.232547e+04
4.232547e+04
4.232547e+04
4.232547e+04
4.232547e+04
4.232547e+04
4.229164e+04
4.203321e+04
4.203321e+04
4.175108e+04
4.175108e+04
4.175108e+04
4.169817e+04
4.169817e+04
4.169817e+04
4.169817e+04
4.169817e+04
4.157090e+04
4.157090e+04
4.157090e+04
4.144337e+04
4.144337e+04
4.144337e+04
4.144337e+04
4.144337e+04
4.144337e+04
4.144337e+04
4.144337e+04
4.144337e+04
4.144337e+04
4.138535e+04
4.138535e+04
4.138535e+04
4.138535e+04
4.126265e+04
4.126265e+04
4.114732e+04
4.110993e+04
4.110993e+04
4.110993e+04
4.094474e+04
4.092488e+04
4.092488e+04
4.092488e+04
4.092488e+04
4.092488e+04
4.092488e+04
4.091506e+04
4.091506e+04
4.091506e+04
4.081222e+04
4.056276e+04
4.056276e+04
4.056276e+04
4.048536e+04
4.048536e+04
4.048536e+04
4.048536e+04
4.048536e+04
4.048536e+04
4.048536e+04
4.048536e+04
4.047751e+04
4.047483e+04
4.047483e+04
4.044654e+04
4.044654e+04
4.043293e+04
4.026043e+04
4.019189e+04
4.019189e+04
4.019189e+04
4.019189e+04
4.017802e+04
4.016569e+04
4.011215e+04
4.008881e+04
4.005707e+04
4.005707e+04
3.986633e+04
3.986633e+04
3.986633e+04
3.986633e+04
3.986633e+04
3.986633e+04
3.982568e+04
3.963137e+04
3.963137e+04
3.963137e+04
3.947068e+04
3.947068e+04
3.945953e+04
3.928521e+04
3.917404e+04
3.917404e+04
3.917404e+04
3.917404e+04
3.905385e+04
3.905025e+04
3.905025e+04
3.876169e+04
3.876169e+04
3.857607e+04
3.842694e+04
3.842694e+04
3.842694e+04
3.842694e+04
3.842694e+04
3.842694e+04
3.838903e+04
3.837502e+04
3.809890e+04
3.809890e+04
3.788310e+04
3.788310e+04
3.780214e+04
3.780214e+04
3.780214e+04
3.780214e+04
3.755645e+04
3.748765e+04
3.748765e+04
3.748765e+04
3.748765e+04
3.748765e+04
3.745535e+04
3.745535e+04
3.724807e+04
3.724807e+04
3.724807e+04
3.724807e+04
3.709221e+04
3.698131e+04
3.698131e+04
3.689294e+04
3.689294e+04
3.689294e+04
3.689266e+04
3.685264e+04
3.685264e+04
3.685264e+04
3.675577e+04
3.675577e+04
3.650961e+04
3.650922e+04
3.609080e+04
3.609080e+04
3.609080e+04
3.609080e+04
3.609080e+04
3.609080e+04
3.609080e+04
3.609080e+04
3.609080e+04
3.600532e+04
3.599321e+04
3.599321e+04
3.599321e+04
3.599321e+04
3.596977e+04
3.596977e+04
3.589712e+04
3.589712e+04
3.589712e+04
3.589712e+04
3.585655e+04
3.585655e+04
3.585655e+04
3.585655e+04
3.585655e+04
3.562347e+04
3.562347e+04
3.562347e+04
3.550761e+04
3.550761e+04
3.550761e+04
3.547389e+04
3.547389e+04
3.547389e+04
3.547389e+04
3.542507e+04
3.540361e+04
3.535222e+04
3.535222e+04
3.530402e+04
3.530402e+04
3.530402e+04
3.526201e+04
3.525297e+04
3.520043e+04
3.519913e+04
3.506970e+04
3.470790e+04
3.470790e+04
3.470790e+04
3.456971e+04
3.456971e+04
3.445041e+04
3.409024e+04
3.409024e+04
3.409024e+04
3.382602e+04
3.382602e+04
3.355739e+04
3.355739e+04
3.355739e+04
3.355687e+04
3.348427e+04
3.348427e+04
3.348427e+04
3.348427e+04
3.348427e+04
3.340323e+04
3.336135e+04
3.336135e+04
3.336135e+04
3.336135e+04
3.318830e+04
3.318830e+04
3.315682e+04
3.315682e+04
3.315682e+04
3.315682e+04
3.315682e+04
3.315682e+04
3.303066e+04
3.298774e+04
3.298774e+04
3.294212e+04
3.280868e+04
3.265595e+04
3.265595e+04
3.265595e+04
3.259526e+04
3.259526e+04
3.259526e+04
3.258581e+04
3.250271e+04
3.245421e+04
3.245421e+04
3.237786e+04
3.235023e+04
3.235023e+04
3.235023e+04
3.235023e+04
3.235023e+04
3.209245e+04
3.209245e+04
3.209245e+04
3.209245e+04
3.209245e+04
3.209245e+04
3.209245e+04
3.196577e+04
3.196577e+04
3.196577e+04
3.184716e+04
3.184716e+04
3.184716e+04
3.180494e+04
3.180494e+04
3.180494e+04
3.158948e+04
3.158948e+04
3.143301e+04
3.143301e+04
3.143301e+04
3.139501e+04
3.139501e+04
3.139501e+04
3.129579e+04
3.118956e+04
3.114932e+04
3.114932e+04
3.107354e+04
3.107354e+04
3.107354e+04
3.107354e+04
3.079450e+04
3.050578e+04
3.050578e+04
3.050578e+04
3.050578e+04
3.050578e+04
3.033555e+04
3.005484e+04
3.005484e+04
3.005484e+04
3.005484e+04
3.005484e+04
3.001084e+04
3.001084e+04
2.980973e+04
2.960253e+04
2.949387e+04
2.949387e+04
2.949387e+04
2.938369e+04
2.938369e+04
2.917112e+04
2.910684e+04
2.910684e+04
2.903750e+04
2.897110e+04
2.887700e+04
2.876962e+04
2.840683e+04
2.820802e+04
2.820802e+04
2.809153e+04
2.809153e+04
2.798942e+04
2.798942e+04
2.798392e+04
2.798392e+04
2.796362e+04
2.796362e+04
2.796362e+04
2.796362e+04
2.765250e+04
2.765250e+04
2.765250e+04
2.765250e+04
2.765250e+04
2.738425e+04
2.738425e+04
2.738425e+04
2.733315e+04
2.733315e+04
2.733315e+04
7.197740e+09
7.197740e+09
4.395515e+09
4.395515e+09
4.182993e+09
4.182993e+09
2.871068e+09
2.871068e+09
2.871068e+09
2.436409e+09
2.436409e+09
1.932142e+09
1.932142e+09
1.932142e+09
1.932142e+09
1.845074e+09
1.845074e+09
1.322813e+09
1.322813e+09
1.322813e+09
1.138785e+09
1.138785e+09
1.138785e+09
1.091325e+09
8.477228e+08
7.070959e+08
7.070959e+08
5.850726e+08
5.850726e+08
5.164533e+08
5.164533e+08
5.164533e+08
5.060030e+08
4.684682e+08
4.684682e+08
4.640124e+08
3.955128e+08
2.955102e+08
2.955102e+08
2.917019e+08
2.917019e+08
2.917019e+08
2.866456e+08
2.866456e+08
2.568429e+08
2.568429e+08
2.568429e+08
2.164562e+08
1.978079e+08
1.978079e+08
1.807207e+08
1.803598e+08
1.641256e+08
1.521587e+08
1.521587e+08
1.519392e+08
1.519392e+08
1.356836e+08
1.297685e+08
1.297685e+08
1.297685e+08
1.235640e+08
1.075666e+08
1.027834e+08
9.821603e+07
9.821603e+07
8.668905e+07
8.668905e+07
8.668905e+07
5.989003e+07
5.989003e+07
5.989003e+07
5.989003e+07
5.989003e+07
5.428865e+07
5.428865e+07
5.393882e+07
5.319593e+07
4.609304e+07
4.535067e+07
4.202140e+07
4.202140e+07
4.202140e+07
4.076827e+07
4.076827e+07
3.921271e+07
3.763053e+07
3.763053e+07
3.449474e+07
3.049687e+07
3.049687e+07
3.049687e+07
3.025762e+07
2.935090e+07
2.337796e+07
2.337796e+07
2.337796e+07
2.179486e+07
2.179486e+07
2.179486e+07
2.179486e+07
1.920642e+07
1.920642e+07
1.703772e+07
1.332625e+07
1.332625e+07
1.332625e+07
1.332625e+07
1.332625e+07
1.332625e+07
1.332625e+07
1.332625e+07
1.146220e+07
1.146220e+07
1.146220e+07
1.112330e+07
1.112330e+07
1.112330e+07
1.112330e+07
1.112330e+07
1.112330e+07
1.082676e+07
1.027024e+07
1.027024e+07
1.027024e+07
9.814701e+06
9.814701e+06
9.590862e+06
9.590862e+06
9.590862e+06
9.590862e+06
9.590862e+06
9.245491e+06
8.777692e+06
7.627461e+06
6.602555e+06
6.602555e+06
6.602555e+06
6.602555e+06
6.602555e+06
6.602555e+06
6.602555e+06
6.602555e+06
6.433811e+06
5.828913e+06
5.828913e+06
5.828913e+06
5.218393e+06
5.218393e+06
5.218393e+06
5.201390e+06
5.077049e+06
4.920810e+06
4.920810e+06
4.552755e+06
4.552755e+06
4.420454e+06
4.420454e+06
4.309866e+06
3.731121e+06
3.731121e+06
3.731121e+06
3.338742e+06
3.338742e+06
3.338742e+06
3.338742e+06
3.297847e+06
3.290122e+06
3.212242e+06
3.212242e+06
3.212242e+06
3.212242e+06
3.212242e+06
3.026129e+06
3.026129e+06
2.843508e+06
2.753710e+06
2.753710e+06
2.557777e+06
2.557777e+06
2.557777e+06
2.557777e+06
2.557777e+06
2.557777e+06
2.528276e+06
2.528276e+06
2.425420e+06
2.425420e+06
2.413049e+06
2.413049e+06
2.355081e+06
2.355081e+06
2.308148e+06
2.068817e+06
2.068817e+06
2.068817e+06
1.992772e+06
1.952304e+06
1.952304e+06
1.913652e+06
1.913652e+06
1.913652e+06
1.794339e+06
1.794339e+06
1.794339e+06
1.794339e+06
1.760380e+06
1.760380e+06
1.713930e+06
1.707553e+06
1.707553e+06
1.517106e+06
1.499907e+06
1.499907e+06
1.499907e+06
1.499907e+06
1.487156e+06
1.487156e+06
1.472253e+06
1.393364e+06
1.393364e+06
1.393364e+06
1.393364e+06
1.393364e+06
1.329465e+06
1.323845e+06
1.315098e+06
1.231926e+06
1.231926e+06
1.201309e+06
1.201309e+06
1.143720e+06
1.141981e+06
1.141981e+06
1.141981e+06
1.094478e+06
9.995358e+05
9.995358e+05
9.995358e+05
9.995358e+05
9.995358e+05
9.995358e+05
9.853089e+05
9.853089e+05
9.853089e+05
9.853089e+05
9.606806e+05
9.544698e+05
9.544698e+05
9.426777e+05
9.200747e+05
9.200747e+05
8.844260e+05
8.844260e+05
8.844260e+05
8.844260e+05
8.844260e+05
8.844260e+05
8.489745e+05
8.489745e+05
8.489745e+05
8.411322e+05
8.411322e+05
8.149874e+05
8.119185e+05
8.098313e+05
7.637641e+05
7.637641e+05
7.637641e+05
7.550586e+05
7.550586e+05
7.550586e+05
7.550586e+05
7.550586e+05
7.511322e+05
7.413735e+05
7.255773e+05
7.255773e+05
7.255773e+05
7.255773e+05
7.243022e+05
7.172714e+05
7.172714e+05
7.052626e+05
7.052626e+05
7.052626e+05
6.960691e+05
6.960691e+05
6.853453e+05
6.824992e+05
6.779786e+05
6.735329e+05
6.735329e+05
6.735329e+05
6.713104e+05
6.713104e+05
6.570649e+05
6.448237e+05
6.448237e+05
6.430500e+05
6.177252e+05
6.176195e+05
6.042542e+05
5.735615e+05
5.735615e+05
5.735615e+05
5.735615e+05
5.735615e+05
5.735615e+05
5.735615e+05
5.549278e+05
5.549278e+05
5.549278e+05
5.549278e+05
5.549278e+05
5.549278e+05
5.429464e+05
5.429464e+05
5.373127e+05
5.373127e+05
5.373127e+05
5.261583e+05
5.261583e+05
5.082694e+05
5.082694e+05
5.082694e+05
5.082694e+05
5.082694e+05
5.082694e+05
5.060592e+05
4.991229e+05
4.893742e+05
4.893742e+05
4.893742e+05
4.847811e+05
4.786121e+05
4.741587e+05
4.741587e+05
4.741587e+05
4.741587e+05
4.741587e+05
4.655369e+05
4.655369e+05
4.627185e+05
4.627185e+05
4.542042e+05
4.542042e+05
4.542042e+05
4.526732e+05
4.526732e+05
4.499066e+05
4.499066e+05
4.417006e+05
4.317365e+05
4.317365e+05
4.317365e+05
4.317365e+05
4.317365e+05
4.317365e+05
4.234790e+05
4.097275e+05
4.097275e+05
4.097275e+05
4.097275e+05
4.097275e+05
4.097275e+05
4.097275e+05
4.058342e+05
4.058342e+05
4.058342e+05
3.987215e+05
3.987215e+05
3.959450e+05
3.891788e+05
3.891788e+05
3.708973e+05
3.567917e+05
3.567917e+05
3.567917e+05
3.567917e+05
3.514567e+05
3.508102e+05
3.508102e+05
3.414136e+05
3.414136e+05
3.414136e+05
3.414136e+05
3.414136e+05
3.411554e+05
3.411554e+05
3.411554e+05
3.192176e+05
3.192176e+05
3.192176e+05
3.192176e+05
3.192176e+05
3.190027e+05
3.115373e+05
3.115373e+05
2.935089e+05
2.935089e+05
2.935089e+05
2.935089e+05
2.935089e+05
2.918919e+05
2.880476e+05
2.854960e+05
2.854960e+05
2.854960e+05
2.854960e+05
2.854960e+05
2.854960e+05
2.854960e+05
2.831422e+05
2.831422e+05
2.831422e+05
2.779618e+05
2.779618e+05
2.741095e+05
2.739591e+05
2.734150e+05
2.734150e+05
2.734150e+05
2.712812e+05
2.693325e+05
2.693325e+05
2.693325e+05
2.683666e+05
2.683666e+05
2.682016e+05
2.653934e+05
2.645613e+05
2.615513e+05
2.615513e+05
2.612582e+05
2.542728e+05
2.542728e+05
2.537667e+05
2.537667e+05
2.526249e+05
2.526249e+05
2.488692e+05
2.440464e+05
2.433468e+05
2.403345e+05
2.379001e+05
2.343192e+05
2.343192e+05
2.343192e+05
2.334622e+05
2.334622e+05
2.334622e+05
2.334498e+05
2.323368e+05
2.323368e+05
2.323368e+05
2.281549e+05
2.281549e+05
2.266560e+05
2.266560e+05
2.266560e+05
2.212065e+05
2.212065e+05
2.212065e+05
2.212065e+05
2.212065e+05
2.164501e+05
2.164501e+05
2.164501e+05
2.164501e+05
2.149142e+05
2.024245e+05
2.024245e+05
2.024245e+05
2.010566e+05
2.010566e+05
2.010566e+05
2.010566e+05
2.010566e+05
2.006770e+05
1.974838e+05
1.974838e+05
1.972478e+05
1.959951e+05
1.959951e+05
1.936129e+05
1.936129e+05
1.936129e+05
1.928974e+05
1.928974e+05
1.928974e+05
1.904150e+05
1.888711e+05
1.888711e+05
1.876317e+05
1.866354e+05
1.866354e+05
1.863297e+05
1.850009e+05
1.850009e+05
1.831333e+05
1.828080e+05
1.828080e+05
1.828080e+05
1.828080e+05
1.812499e+05
1.801043e+05
1.801043e+05
1.801043e+05
1.801043e+05
1.801043e+05
1.801043e+05
1.792868e+05
1.740736e+05
1.740736e+05
1.740736e+05
1.736950e+05
1.736950e+05
1.735459e+05
1.703372e+05
1.703372e+05
1.703372e+05
1.692621e+05
1.677862e+05
1.673643e+05
1.669043e+05
1.669043e+05
1.663605e+05
1.648686e+05
1.648686e+05
1.645883e+05
1.640451e+05
1.640451e+05
1.632071e+05
1.619252e+05
1.619252e+05
1.619252e+05
1.619252e+05
1.607923e+05
1.607923e+05
1.605710e+05
1.598650e+05
1.598650e+05
1.577652e+05
1.577652e+05
1.568466e+05
1.568466e+05
1.568466e+05
1.568466e+05
1.557757e+05
1.556137e+05
1.556137e+05
1.545345e+05
1.537117e+05
1.537117e+05
1.520127e+05
1.520127e+05
1.514034e+05
1.514034e+05
1.511954e+05
1.511954e+05
1.506541e+05
1.503411e+05
1.487019e+05
1.487019e+05
1.482264e+05
1.478187e+05
1.476715e+05
1.452589e+05
1.452589e+05
1.452589e+05
1.452589e+05
1.452589e+05
1.452589e+05
1.447956e+05
1.427691e+05
1.427691e+05
1.413677e+05
1.413677e+05
1.413677e+05
1.411081e+05
1.391026e+05
1.391026e+05
1.391026e+05
1.391026e+05
1.391026e+05
1.386939e+05
1.367948e+05
1.367948e+05
1.367948e+05
1.366450e+05
1.366450e+05
1.366450e+05
1.362474e+05
1.359273e+05
1.358975e+05
1.357523e+05
1.348560e+05
1.348560e+05
1.342770e+05
1.342770e+05
1.342770e+05
1.322300e+05
1.321013e+05
1.320865e+05
1.299967e+05
1.299967e+05
1.298725e+05
1.298725e+05
1.298725e+05
1.284440e+05
1.284440e+05
1.280561e+05
1.280561e+05
1.280561e+05
1.280561e+05
1.267608e+05
1.267608e+05
1.267608e+05
1.267608e+05
1.267608e+05
1.254977e+05
1.253775e+05
1.253775e+05
1.245469e+05
1.245469e+05
1.245469e+05
1.245469e+05
1.245469e+05
1.245469e+05
1.245469e+05
1.245469e+05
1.243786e+05
1.235965e+05
1.231154e+05
1.227467e+05
1.227467e+05
1.218655e+05
1.212453e+05
1.204701e+05
1.197596e+05
1.197596e+05
1.197596e+05
1.180421e+05
1.180421e+05
1.180421e+05
1.180421e+05
1.180421e+05
1.180421e+05
1.180421e+05
1.180421e+05
1.172507e+05
1.172507e+05
1.162678e+05
1.162678e+05
1.162678e+05
1.162678e+05
1.162678e+05
1.162678e+05
1.156009e+05
1.156009e+05
1.156009e+05
1.156009e+05
1.156009e+05
1.148928e+05
1.148928e+05
1.148928e+05
1.148343e+05
1.148343e+05
1.142730e+05
1.141775e+05
1.134877e+05
1.132062e+05
1.122940e+05
1.122177e+05
1.116599e+05
1.116599e+05
1.115291e+05
1.114435e+05
1.111514e+05
1.111514e+05
1.107188e+05
1.106394e+05
1.106394e+05
1.099297e+05
1.099297e+05
1.083361e+05
1.076400e+05
1.073231e+05
1.071009e+05
1.069878e+05
1.069878e+05
1.069442e+05
1.069442e+05
1.064666e+05
1.057539e+05
1.057539e+05
1.057539e+05
1.051562e+05
1.045114e+05
1.045114e+05
1.045114e+05
1.045114e+05
1.045114e+05
1.043250e+05
1.033733e+05
1.033733e+05
1.033733e+05
1.033733e+05
1.032670e+05
1.032670e+05
1.032670e+05
1.032670e+05
1.032670e+05
1.029378e+05
1.029378e+05
1.029378e+05
1.029378e+05
1.029378e+05
1.025647e+05
1.025647e+05
1.023125e+05
1.023125e+05
1.018225e+05
1.018225e+05
1.018225e+05
1.017047e+05
1.013961e+05
1.012139e+05
1.011862e+05
1.011862e+05
1.009316e+05
1.008891e+05
1.007010e+05
1.005915e+05
1.005915e+05
1.003190e+05
1.003190e+05
1.003190e+05
1.003190e+05
9.999045e+04
9.964894e+04
9.964894e+04
9.938758e+04
9.884007e+04
9.870961e+04
9.870961e+04
9.870961e+04
9.867786e+04
9.864938e+04
9.857595e+04
9.843767e+04
9.830984e+04
9.828374e+04
9.822645e+04
9.815063e+04
9.792850e+04
9.792850e+04
9.792850e+04
9.792850e+04
9.737845e+04
9.662801e+04
9.662801e+04
9.662801e+04
9.649356e+04
9.649356e+04
9.644988e+04
9.588125e+04
9.544188e+04
9.530244e+04
9.530244e+04
9.530244e+04
9.501711e+04
9.450887e+04
9.450887e+04
9.450887e+04
9.450887e+04
9.420332e+04
9.420332e+04
9.416542e+04
9.366150e+04
9.351680e+04
9.351680e+04
9.351680e+04
9.350350e+04
9.350350e+04
9.342504e+04
9.342504e+04
9.319915e+04
9.308400e+04
9.261805e+04
9.261805e+04
9.261805e+04
9.231305e+04
9.218161e+04
9.188623e+04
9.157059e+04
9.040750e+04
9.040750e+04
9.040750e+04
9.040750e+04
9.040750e+04
9.016410e+04
9.012828e+04
8.974998e+04
8.960543e+04
8.960543e+04
8.873878e+04
8.857292e+04
8.857292e+04
8.811976e+04
8.742439e+04
8.742439e+04
8.637802e+04
8.637802e+04
8.637802e+04
8.581010e+04
8.581010e+04
8.581010e+04
8.546731e+04
8.546731e+04
8.513103e+04
8.479009e+04
8.479009e+04
8.479009e+04
8.479009e+04
8.479009e+04
8.450522e+04
8.450522e+04
8.400377e+04
8.400377e+04
8.363794e+04
8.363794e+04
8.320720e+04
8.294403e+04
8.160726e+04
8.160726e+04
8.109828e+04
8.105188e+04
8.105188e+04
8.105188e+04
8.058197e+04
8.001816e+04
8.001816e+04
7.985393e+04
7.912680e+04
7.912680e+04
7.912680e+04
7.912680e+04
7.779984e+04
7.654954e+04
7.654954e+04
7.654954e+04
7.654413e+04
7.654413e+04
7.607718e+04
7.523711e+04
7.473060e+04
7.431330e+04
7.431330e+04
7.431330e+04
7.381100e+04
7.351793e+04
7.325065e+04
7.251572e+04
7.251572e+04
7.251572e+04
7.251572e+04
7.251572e+04
7.223075e+04
7.193589e+04
7.123261e+04
7.123261e+04
7.123261e+04
7.089422e+04
7.077664e+04
7.017075e+04
6.987449e+04
6.958252e+04
6.956329e+04
6.802715e+04
6.797137e+04
6.575737e+04
6.575737e+04
6.575737e+04
6.575737e+04
6.575737e+04
6.575737e+04
6.575737e+04
6.575737e+04
6.575737e+04
6.575737e+04
6.505903e+04
6.364890e+04
6.364890e+04
6.364890e+04
6.364890e+04
6.364890e+04
6.364890e+04
6.354133e+04
6.354133e+04
6.244290e+04
6.219496e+04
6.211403e+04
6.211403e+04
6.161748e+04
6.161748e+04
6.161748e+04
6.154002e+04
6.136441e+04
6.136441e+04
6.136441e+04
6.136441e+04
6.114680e+04
6.114680e+04
6.055794e+04
6.055433e+04
6.037355e+04
6.037355e+04
5.992067e+04
5.976787e+04
5.960834e+04
5.960834e+04
5.960834e+04
5.910825e+04
5.884064e+04
5.884064e+04
5.884064e+04
5.864330e+04
5.858631e+04
5.858631e+04
5.858631e+04
5.841251e+04
5.841251e+04
5.771971e+04
5.771971e+04
5.771971e+04
5.771971e+04
5.771971e+04
5.771971e+04
5.771971e+04
5.771971e+04
5.771804e+04
5.771804e+04
5.751039e+04
5.751039e+04
5.686259e+04
5.623318e+04
5.623318e+04
5.602925e+04
5.602925e+04
5.563617e+04
5.563617e+04
5.563617e+04
5.542566e+04
5.436975e+04
5.436975e+04
5.436975e+04
5.436975e+04
5.431799e+04
5.399171e+04
5.357300e+04
5.357300e+04
5.311526e+04
5.311526e+04
5.311526e+04
5.296338e+04
5.255647e+04
5.215041e+04
5.215041e+04
5.215041e+04
5.215041e+04
5.182374e+04
5.180700e+04
5.156666e+04
5.094112e+04
5.073712e+04
5.073712e+04
5.073712e+04
5.062751e+04
5.062751e+04
5.062751e+04
5.011562e+04
5.011562e+04
4.998860e+04
4.988475e+04
4.926143e+04
4.926143e+04
4.926143e+04
4.924848e+04
4.924848e+04
4.888213e+04
4.888213e+04
4.888213e+04
4.886377e+04
4.885871e+04
4.791511e+04
4.791511e+04
4.791511e+04
4.776575e+04
