2.463408e+02
2.463408e+02
2.463408e+02
2.453090e+02
2.413116e+02
2.413116e+02
2.295497e+02
2.295497e+02
2.178145e+02
2.178145e+02
2.162615e+02
2.162615e+02
2.162615e+02
2.162615e+02
2.162615e+02
2.162615e+02
2.162615e+02
2.162615e+02
2.162615e+02
2.162615e+02
2.039348e+02
2.039348e+02
2.039348e+02
2.039348e+02
1.976970e+02
1.976970e+02
1.976970e+02
1.976970e+02
1.976970e+02
1.976970e+02
1.976970e+02
1.783035e+02
1.783035e+02
1.591775e+02
1.591775e+02
1.591775e+02
1.591775e+02
1.591775e+02
1.591775e+02
1.591775e+02
1.591775e+02
1.591775e+02
1.591775e+02
1.591775e+02
1.591775e+02
1.591775e+02
1.591775e+02
1.591775e+02
1.591775e+02
1.591775e+02
1.591775e+02
1.591775e+02
1.591775e+02
1.591775e+02
1.591775e+02
1.591775e+02
1.591775e+02
1.591775e+02
1.591775e+02
1.591775e+02
1.591775e+02
1.591775e+02
1.591775e+02
1.591775e+02
1.591775e+02
1.591775e+02
1.591775e+02
1.591775e+02
1.591775e+02
1.591775e+02
1.591775e+02
1.591775e+02
1.591775e+02
1.591775e+02
1.591775e+02
1.591775e+02
1.591775e+02
1.591775e+02
1.591775e+02
1.591775e+02
1.591775e+02
1.591775e+02
1.591775e+02
1.591775e+02
1.591775e+02
1.591775e+02
1.591775e+02
1.591775e+02
1.591775e+02
1.591775e+02
1.591775e+02
1.591775e+02
1.591775e+02
1.591775e+02
1.591775e+02
1.591775e+02
1.591775e+02
1.591775e+02
1.591775e+02
1.591775e+02
1.591775e+02
1.591775e+02
1.591775e+02
1.591775e+02
1.591775e+02
1.591775e+02
1.591775e+02
1.591775e+02
1.591775e+02
1.591775e+02
1.591775e+02
1.591775e+02
1.591775e+02
1.591775e+02
1.591775e+02
1.591775e+02
1.591775e+02
1.591775e+02
1.591775e+02
1.591775e+02
1.591775e+02
1.591775e+02
1.591775e+02
1.591775e+02
1.591775e+02
1.591775e+02
1.591775e+02
1.591775e+02
1.591775e+02
1.591775e+02
1.591775e+02
1.588463e+02
1.505774e+02
1.505774e+02
1.505774e+02
1.505774e+02
1.505774e+02
1.505774e+02
1.505774e+02
1.505774e+02
1.505774e+02
1.505774e+02
1.505774e+02
1.505774e+02
1.505774e+02
1.505774e+02
1.505774e+02
1.505774e+02
1.505774e+02
1.505774e+02
1.505774e+02
1.505774e+02
1.505774e+02
1.505774e+02
1.505774e+02
1.505774e+02
1.505774e+02
1.505774e+02
1.505774e+02
1.310264e+02
1.310264e+02
1.310264e+02
1.310264e+02
1.310264e+02
1.310264e+02
1.310264e+02
1.310264e+02
1.310264e+02
1.310264e+02
1.310264e+02
1.310264e+02
1.310264e+02
1.310264e+02
1.310264e+02
1.310264e+02
1.310264e+02
1.310264e+02
1.310264e+02
1.310264e+02
1.310264e+02
1.310264e+02
1.310264e+02
1.310264e+02
1.310264e+02
1.310264e+02
1.310264e+02
1.310264e+02
1.310264e+02
1.310264e+02
1.310264e+02
1.310264e+02
1.310264e+02
1.310264e+02
1.310264e+02
1.310264e+02
1.310264e+02
1.310264e+02
1.310264e+02
1.310264e+02
1.310264e+02
1.310264e+02
1.310264e+02
1.310264e+02
1.310264e+02
1.310264e+02
1.310264e+02
1.310264e+02
1.310264e+02
1.063381e+02
1.063381e+02
1.063381e+02
1.063381e+02
1.063381e+02
1.063381e+02
1.063381e+02
1.063381e+02
1.063381e+02
1.063381e+02
1.063381e+02
1.063381e+02
1.063381e+02
1.063381e+02
1.063381e+02
1.063381e+02
1.063381e+02
1.063381e+02
1.063381e+02
1.063381e+02
1.063381e+02
1.063381e+02
1.063381e+02
1.063381e+02
1.063381e+02
1.063381e+02
1.063381e+02
1.063381e+02
1.063381e+02
1.063381e+02
1.063381e+02
1.063381e+02
1.063381e+02
1.063381e+02
1.063381e+02
1.063381e+02
1.063381e+02
1.063381e+02
1.063381e+02
1.063381e+02
1.063381e+02
1.063381e+02
1.063381e+02
1.063381e+02
1.063381e+02
1.063381e+02
1.063381e+02
1.063381e+02
1.063381e+02
1.063381e+02
1.063381e+02
1.063381e+02
1.063381e+02
1.063381e+02
1.063381e+02
1.063381e+02
1.063381e+02
1.063381e+02
1.063381e+02
1.063381e+02
1.063381e+02
1.063381e+02
1.063381e+02
1.063381e+02
1.063381e+02
1.063381e+02
9.417224e+01
9.417224e+01
9.417224e+01
9.417224e+01
9.417224e+01
9.417224e+01
9.417224e+01
9.417224e+01
9.417224e+01
9.417224e+01
9.417224e+01
9.417224e+01
9.417224e+01
9.417224e+01
9.417224e+01
9.417224e+01
9.417224e+01
9.417224e+01
9.417224e+01
9.417224e+01
9.417224e+01
9.417224e+01
9.417224e+01
9.417224e+01
9.417224e+01
9.417224e+01
9.417224e+01
9.417224e+01
9.417224e+01
9.417224e+01
9.417224e+01
9.417224e+01
9.417224e+01
9.417224e+01
9.417224e+01
9.417224e+01
9.369395e+01
9.369395e+01
9.369395e+01
9.369395e+01
9.369395e+01
9.369395e+01
9.369395e+01
9.369395e+01
9.369395e+01
9.369395e+01
9.369395e+01
9.369395e+01
9.369395e+01
9.369395e+01
9.369395e+01
9.369395e+01
9.369395e+01
9.369395e+01
9.369395e+01
9.369395e+01
9.369395e+01
9.369395e+01
9.369395e+01
9.369395e+01
9.369395e+01
9.369395e+01
9.369395e+01
9.369395e+01
9.369395e+01
9.369395e+01
9.369395e+01
9.369395e+01
9.369395e+01
9.369395e+01
9.369395e+01
9.369395e+01
9.369395e+01
9.369395e+01
9.369395e+01
9.369395e+01
9.369395e+01
9.369395e+01
9.369395e+01
9.369395e+01
9.369395e+01
9.369395e+01
9.369395e+01
9.369395e+01
9.369395e+01
9.369395e+01
9.369395e+01
9.369395e+01
9.369395e+01
9.369395e+01
9.369395e+01
9.369395e+01
9.369395e+01
9.369395e+01
9.128643e+01
9.128643e+01
9.128643e+01
9.128643e+01
9.128643e+01
9.128643e+01
9.128643e+01
9.128643e+01
9.128643e+01
9.128643e+01
9.128643e+01
9.128643e+01
9.128643e+01
9.128643e+01
9.128643e+01
9.128643e+01
9.128643e+01
9.128643e+01
9.128643e+01
9.128643e+01
9.128643e+01
9.128643e+01
9.128643e+01
9.128643e+01
9.128643e+01
9.128643e+01
9.128643e+01
9.128643e+01
9.128643e+01
9.128643e+01
9.128643e+01
9.128643e+01
9.128643e+01
9.128643e+01
9.128643e+01
9.115697e+01
9.115697e+01
9.115697e+01
9.115697e+01
9.115697e+01
9.115697e+01
9.115697e+01
9.115697e+01
9.115697e+01
9.115697e+01
9.115697e+01
9.115697e+01
9.115697e+01
9.115697e+01
9.115697e+01
9.115697e+01
9.115697e+01
9.115697e+01
9.115697e+01
9.115697e+01
9.115697e+01
9.115697e+01
9.115697e+01
9.115697e+01
9.115697e+01
9.115697e+01
9.115697e+01
9.115697e+01
9.115697e+01
9.115697e+01
9.115697e+01
9.115697e+01
9.115697e+01
9.115697e+01
9.115697e+01
9.115697e+01
9.115697e+01
9.115697e+01
9.115697e+01
9.115697e+01
9.115697e+01
9.115697e+01
9.115697e+01
9.115697e+01
9.115697e+01
9.115697e+01
9.115697e+01
9.115697e+01
9.115697e+01
9.115697e+01
9.115697e+01
9.115697e+01
9.115697e+01
9.115697e+01
9.115697e+01
9.115697e+01
9.115697e+01
9.115697e+01
9.115697e+01
9.115697e+01
9.115697e+01
9.115697e+01
9.115697e+01
9.115697e+01
9.115697e+01
9.115697e+01
9.115697e+01
9.115697e+01
9.115697e+01
9.115697e+01
9.115697e+01
9.115697e+01
9.115697e+01
9.115697e+01
9.115697e+01
9.115697e+01
9.115697e+01
9.115697e+01
9.115697e+01
9.115697e+01
9.115697e+01
9.115697e+01
9.115697e+01
9.115697e+01
9.115697e+01
9.115697e+01
9.115697e+01
9.115697e+01
9.072604e+01
9.072604e+01
9.072604e+01
9.072604e+01
9.072604e+01
9.072604e+01
9.072604e+01
9.072604e+01
9.068473e+01
8.949091e+01
8.949091e+01
8.949091e+01
8.949091e+01
8.949091e+01
8.949091e+01
8.949091e+01
8.949091e+01
8.949091e+01
8.949091e+01
8.809336e+01
8.809336e+01
8.809336e+01
8.809336e+01
8.809336e+01
8.809336e+01
8.809336e+01
8.809336e+01
8.809336e+01
8.809336e+01
8.484866e+01
8.484866e+01
8.194932e+01
8.194932e+01
8.194932e+01
8.194932e+01
8.194932e+01
8.194932e+01
8.194932e+01
8.194932e+01
8.194932e+01
8.194932e+01
8.194932e+01
8.154008e+01
8.154008e+01
8.154008e+01
7.507991e+01
7.507991e+01
7.507991e+01
7.507991e+01
7.507991e+01
7.507991e+01
7.507991e+01
7.507991e+01
7.507991e+01
7.507991e+01
7.507991e+01
7.507991e+01
7.507991e+01
7.507991e+01
7.507991e+01
7.507991e+01
7.507991e+01
7.468498e+01
7.468498e+01
7.468498e+01
7.468498e+01
7.354992e+01
7.354992e+01
7.354992e+01
7.354992e+01
7.354992e+01
7.354992e+01
7.354992e+01
7.354992e+01
7.354992e+01
7.354992e+01
7.354992e+01
7.354992e+01
7.354992e+01
7.354992e+01
7.354992e+01
7.354992e+01
7.354992e+01
7.354992e+01
7.354992e+01
7.354992e+01
7.354992e+01
7.354992e+01
7.354992e+01
7.354992e+01
7.354992e+01
7.354992e+01
7.354992e+01
7.354992e+01
7.249234e+01
7.249234e+01
7.249234e+01
7.249234e+01
7.249234e+01
7.249234e+01
7.249234e+01
7.249234e+01
7.249234e+01
7.249234e+01
7.249234e+01
7.249234e+01
7.249234e+01
7.249234e+01
7.249234e+01
7.249234e+01
7.249234e+01
7.249234e+01
7.249234e+01
7.249234e+01
7.249234e+01
7.249234e+01
7.249234e+01
7.249234e+01
7.249234e+01
7.249234e+01
7.249234e+01
7.249234e+01
7.249234e+01
7.249234e+01
7.249234e+01
7.249234e+01
7.249234e+01
7.249234e+01
7.249234e+01
7.249234e+01
7.217248e+01
7.182261e+01
7.182261e+01
7.182261e+01
7.182261e+01
7.182261e+01
7.182261e+01
7.182261e+01
7.182261e+01
7.182261e+01
7.182261e+01
7.182261e+01
7.182261e+01
7.182261e+01
7.182261e+01
7.182261e+01
7.182261e+01
7.182261e+01
7.182261e+01
7.182261e+01
7.182261e+01
7.169618e+01
7.169618e+01
7.169618e+01
7.169618e+01
7.169618e+01
7.169618e+01
7.169618e+01
7.169618e+01
7.169618e+01
7.169618e+01
7.169618e+01
7.169618e+01
7.169618e+01
7.169618e+01
7.169618e+01
7.169618e+01
7.169618e+01
7.169618e+01
7.169618e+01
7.169618e+01
7.169618e+01
7.169618e+01
7.169618e+01
7.169618e+01
7.169618e+01
7.169618e+01
6.717510e+01
6.717510e+01
6.717510e+01
6.717510e+01
6.717510e+01
6.717510e+01
6.717510e+01
6.717510e+01
6.717510e+01
6.717510e+01
6.717510e+01
6.717510e+01
6.717510e+01
6.717510e+01
6.717510e+01
6.717510e+01
6.717510e+01
6.717510e+01
6.717510e+01
6.717510e+01
6.717510e+01
6.717510e+01
6.645563e+01
6.645563e+01
6.645563e+01
6.645563e+01
6.645563e+01
6.645563e+01
6.645563e+01
6.645563e+01
6.645563e+01
6.645563e+01
6.645563e+01
6.645563e+01
6.645563e+01
6.645563e+01
6.645563e+01
6.645563e+01
6.645563e+01
6.645563e+01
6.645563e+01
6.645563e+01
6.645563e+01
6.645563e+01
6.645563e+01
6.645563e+01
6.645563e+01
6.645563e+01
6.578973e+01
6.578973e+01
6.578973e+01
6.578973e+01
6.578973e+01
6.578973e+01
6.578973e+01
6.438971e+01
6.438971e+01
6.438971e+01
6.438971e+01
6.438971e+01
6.438971e+01
6.438971e+01
6.438971e+01
6.438971e+01
6.438971e+01
6.438971e+01
6.438971e+01
6.438971e+01
6.438971e+01
6.438971e+01
6.438971e+01
6.438971e+01
6.438971e+01
6.438971e+01
6.438971e+01
6.438971e+01
6.438971e+01
6.355301e+01
6.355301e+01
6.355301e+01
6.355301e+01
6.355301e+01
6.355301e+01
6.355301e+01
6.355301e+01
6.355301e+01
6.220590e+01
6.220590e+01
6.220590e+01
6.220590e+01
6.220590e+01
6.220590e+01
6.220590e+01
6.220590e+01
6.220590e+01
6.130558e+01
5.825713e+01
5.825713e+01
5.825713e+01
5.825713e+01
5.825713e+01
5.825713e+01
5.825713e+01
5.825713e+01
5.825713e+01
5.825713e+01
5.825713e+01
5.825713e+01
5.825713e+01
5.825713e+01
5.825713e+01
5.825713e+01
5.825713e+01
5.825713e+01
5.825713e+01
5.825713e+01
5.825713e+01
5.825713e+01
5.825713e+01
5.825713e+01
5.825713e+01
5.825713e+01
5.824695e+01
5.824695e+01
5.824695e+01
5.824695e+01
5.755572e+01
5.755572e+01
5.755572e+01
5.755572e+01
5.755572e+01
5.755572e+01
5.755572e+01
5.755572e+01
5.755572e+01
5.755572e+01
5.755572e+01
5.755572e+01
5.755572e+01
5.755572e+01
5.704689e+01
5.704689e+01
5.704689e+01
5.704689e+01
5.704689e+01
5.704689e+01
5.704689e+01
5.593031e+01
5.593031e+01
5.593031e+01
5.593031e+01
5.593031e+01
5.593031e+01
5.183867e+01
5.183867e+01
5.183867e+01
5.183867e+01
5.183867e+01
5.183867e+01
5.183867e+01
5.183867e+01
5.183867e+01
5.183867e+01
5.183867e+01
5.183867e+01
5.183867e+01
5.183867e+01
5.183867e+01
5.183867e+01
5.183867e+01
5.183867e+01
5.183867e+01
5.183867e+01
5.183867e+01
5.183867e+01
5.183867e+01
5.183867e+01
5.183867e+01
5.183867e+01
5.183867e+01
5.183867e+01
5.051567e+01
5.051567e+01
5.051567e+01
5.051567e+01
5.051567e+01
5.051567e+01
5.051567e+01
5.051567e+01
5.051567e+01
5.051567e+01
5.051567e+01
5.051567e+01
5.051567e+01
5.051567e+01
5.051567e+01
5.051567e+01
5.051567e+01
5.051567e+01
5.051567e+01
5.051567e+01
5.051567e+01
5.051567e+01
5.051567e+01
5.051567e+01
5.051567e+01
5.051567e+01
5.051567e+01
5.051567e+01
5.051567e+01
5.051567e+01
5.051567e+01
5.051567e+01
5.051567e+01
5.051567e+01
5.051567e+01
5.051567e+01
5.051567e+01
5.051567e+01
5.051567e+01
5.051567e+01
5.051567e+01
5.051567e+01
5.051567e+01
5.051567e+01
4.565148e+01
4.565148e+01
4.565148e+01
4.565148e+01
4.565148e+01
4.565148e+01
4.460064e+01
4.460064e+01
4.460064e+01
4.460064e+01
4.460064e+01
4.460064e+01
4.460064e+01
4.460064e+01
4.460064e+01
4.460064e+01
4.460064e+01
4.460064e+01
4.460064e+01
4.460064e+01
4.460064e+01
4.460064e+01
4.460064e+01
4.460064e+01
4.460064e+01
4.460064e+01
4.460064e+01
4.460064e+01
4.460064e+01
4.460064e+01
4.460064e+01
4.460064e+01
4.460064e+01
4.460064e+01
4.460064e+01
4.460064e+01
4.460064e+01
4.460064e+01
4.460064e+01
4.460064e+01
4.460064e+01
3.827638e+01
3.715922e+01
3.715922e+01
3.715922e+01
3.715922e+01
3.715922e+01
3.715922e+01
3.715922e+01
3.715922e+01
3.715922e+01
3.715922e+01
3.715922e+01
3.715922e+01
3.715922e+01
3.715922e+01
3.715922e+01
3.715922e+01
3.715922e+01
3.715922e+01
3.715922e+01
3.715922e+01
3.715922e+01
3.715922e+01
3.715922e+01
3.715922e+01
3.715922e+01
3.715922e+01
3.715922e+01
3.715922e+01
3.715922e+01
3.715922e+01
3.715922e+01
3.715922e+01
3.715922e+01
3.715922e+01
3.715922e+01
3.715922e+01
3.715922e+01
3.715922e+01
3.715922e+01
3.715922e+01
3.715922e+01
3.715922e+01
3.715922e+01
3.715922e+01
3.715922e+01
3.715922e+01
3.715922e+01
3.487546e+01
3.487546e+01
3.487546e+01
3.487546e+01
3.487546e+01
3.487546e+01
3.487546e+01
3.487546e+01
3.487546e+01
3.487546e+01
3.487546e+01
3.487546e+01
3.487546e+01
3.487546e+01
3.487546e+01
3.487546e+01
3.487546e+01
3.487546e+01
3.487546e+01
3.487546e+01
3.487546e+01
3.487546e+01
3.487546e+01
3.487546e+01
3.487546e+01
3.487546e+01
3.487546e+01
3.434261e+01
3.434261e+01
3.434261e+01
3.434261e+01
3.434261e+01
3.434261e+01
3.434261e+01
3.434261e+01
3.434261e+01
3.434261e+01
3.434261e+01
3.434261e+01
3.434261e+01
3.434261e+01
3.434261e+01
3.434261e+01
3.434261e+01
3.434261e+01
3.434261e+01
3.434261e+01
3.434261e+01
3.434261e+01
3.434261e+01
3.434261e+01
3.434261e+01
3.415021e+01
3.415021e+01
3.415021e+01
3.415021e+01
3.415021e+01
3.415021e+01
3.415021e+01
3.415021e+01
3.415021e+01
3.415021e+01
3.415021e+01
3.415021e+01
3.415021e+01
3.415021e+01
3.415021e+01
3.415021e+01
3.415021e+01
3.415021e+01
3.415021e+01
3.415021e+01
3.415021e+01
3.415021e+01
3.415021e+01
3.415021e+01
3.415021e+01
3.415021e+01
3.415021e+01
3.415021e+01
3.415021e+01
3.415021e+01
3.415021e+01
3.415021e+01
3.415021e+01
3.415021e+01
3.415021e+01
3.415021e+01
3.415021e+01
3.367763e+01
3.367763e+01
3.367763e+01
3.367763e+01
3.367763e+01
3.367763e+01
3.367763e+01
3.367763e+01
3.367763e+01
3.367763e+01
3.367763e+01
3.367763e+01
3.367763e+01
3.367763e+01
3.367763e+01
3.367763e+01
3.367763e+01
3.367763e+01
3.367763e+01
3.367763e+01
3.367763e+01
3.367763e+01
3.367763e+01
3.367763e+01
3.367763e+01
3.367763e+01
3.367763e+01
3.367763e+01
3.367763e+01
3.367763e+01
3.367763e+01
3.367763e+01
3.367763e+01
3.367763e+01
3.367763e+01
3.367763e+01
3.367763e+01
3.367763e+01
3.367763e+01
3.367763e+01
3.367763e+01
3.367763e+01
3.367763e+01
3.367763e+01
3.367763e+01
3.367763e+01
3.367763e+01
3.367763e+01
3.367763e+01
3.367763e+01
3.367763e+01
3.367763e+01
3.367763e+01
3.367763e+01
3.367763e+01
3.367763e+01
3.367763e+01
3.367763e+01
3.367763e+01
3.367763e+01
3.367763e+01
3.367763e+01
3.367763e+01
3.367763e+01
3.367763e+01
3.367763e+01
3.367763e+01
3.367763e+01
3.367763e+01
3.367763e+01
3.367763e+01
3.367763e+01
3.367763e+01
3.367763e+01
3.367763e+01
3.367763e+01
3.367763e+01
3.367763e+01
3.367763e+01
3.367763e+01
3.367763e+01
3.367763e+01
3.367763e+01
3.367763e+01
3.367763e+01
3.367763e+01
3.367763e+01
3.367763e+01
3.367763e+01
3.367763e+01
3.367763e+01
3.367763e+01
3.367763e+01
3.367763e+01
3.367763e+01
3.367763e+01
3.367763e+01
3.367763e+01
3.367763e+01
3.367763e+01
3.367763e+01
3.367763e+01
3.367763e+01
3.367763e+01
3.291276e+01
3.291276e+01
3.291276e+01
3.291276e+01
3.291276e+01
3.291276e+01
3.291276e+01
3.291276e+01
3.291276e+01
3.291276e+01
3.291276e+01
3.291276e+01
3.291276e+01
3.291276e+01
3.291276e+01
3.291276e+01
3.291276e+01
3.291276e+01
3.291276e+01
3.291276e+01
3.291276e+01
3.291276e+01
3.291276e+01
3.291276e+01
3.291276e+01
3.291276e+01
3.291276e+01
3.291276e+01
3.291276e+01
3.291276e+01
3.291276e+01
3.291276e+01
3.291276e+01
3.291276e+01
3.291276e+01
3.291276e+01
3.291276e+01
3.291276e+01
3.291276e+01
3.291276e+01
3.291276e+01
3.291276e+01
3.291276e+01
3.291276e+01
3.291276e+01
3.291276e+01
3.291276e+01
3.291276e+01
3.291276e+01
3.291276e+01
3.291276e+01
3.291276e+01
3.291276e+01
3.291276e+01
3.291276e+01
3.291276e+01
3.291276e+01
3.291276e+01
3.291276e+01
3.291276e+01
3.291276e+01
3.291276e+01
3.288426e+01
3.288426e+01
3.288426e+01
3.288426e+01
3.288426e+01
3.288426e+01
3.288426e+01
3.288426e+01
3.288426e+01
3.288426e+01
3.288426e+01
3.288426e+01
3.288426e+01
3.288426e+01
3.288426e+01
3.288426e+01
3.288426e+01
3.288426e+01
3.288426e+01
3.288426e+01
3.288426e+01
3.288426e+01
3.288426e+01
3.288426e+01
3.288426e+01
3.288426e+01
3.288426e+01
3.288426e+01
3.288426e+01
3.288426e+01
3.288426e+01
3.288426e+01
3.288426e+01
3.288426e+01
3.288426e+01
3.288426e+01
3.288426e+01
3.288426e+01
3.288426e+01
3.288426e+01
3.288426e+01
3.288426e+01
3.288426e+01
3.288426e+01
3.288426e+01
3.288426e+01
3.288426e+01
3.288426e+01
3.288426e+01
3.288426e+01
3.288426e+01
3.288426e+01
3.288426e+01
3.288426e+01
3.288426e+01
3.288426e+01
3.288426e+01
3.288426e+01
3.288426e+01
3.288426e+01
3.288426e+01
3.288426e+01
3.288426e+01
3.288426e+01
3.288426e+01
3.288426e+01
3.288426e+01
3.288426e+01
3.288426e+01
3.288426e+01
3.288426e+01
3.288426e+01
3.288426e+01
3.288426e+01
3.288426e+01
3.288426e+01
3.288426e+01
3.288426e+01
3.288426e+01
3.288426e+01
3.288426e+01
3.288426e+01
3.288426e+01
3.282031e+01
3.282031e+01
3.282031e+01
3.282031e+01
3.282031e+01
3.282031e+01
3.282031e+01
3.282031e+01
3.282031e+01
3.282031e+01
3.282031e+01
3.282031e+01
3.282031e+01
3.282031e+01
3.282031e+01
3.282031e+01
3.282031e+01
3.282031e+01
3.282031e+01
3.282031e+01
3.282031e+01
3.282031e+01
3.282031e+01
3.282031e+01
3.282031e+01
3.282031e+01
3.282031e+01
3.282031e+01
3.282031e+01
3.282031e+01
3.282031e+01
3.282031e+01
3.282031e+01
3.282031e+01
3.282031e+01
3.282031e+01
3.282031e+01
3.282031e+01
3.282031e+01
3.282031e+01
3.282031e+01
3.282031e+01
3.282031e+01
3.282031e+01
3.282031e+01
3.282031e+01
3.282031e+01
3.282031e+01
3.282031e+01
3.282031e+01
3.282031e+01
3.282031e+01
3.282031e+01
3.282031e+01
3.282031e+01
3.282031e+01
3.282031e+01
3.282031e+01
3.282031e+01
3.282031e+01
3.282031e+01
3.282031e+01
3.280231e+01
3.280231e+01
3.280231e+01
3.280231e+01
3.280231e+01
3.280231e+01
3.280231e+01
3.280231e+01
3.280231e+01
3.280231e+01
3.280231e+01
3.280231e+01
3.280231e+01
3.280231e+01
3.280231e+01
3.280231e+01
3.280231e+01
3.250741e+01
3.250741e+01
3.250741e+01
3.250741e+01
3.250741e+01
3.250741e+01
3.250741e+01
3.250741e+01
3.250741e+01
3.250741e+01
3.250741e+01
3.250741e+01
3.250741e+01
3.250741e+01
3.250741e+01
3.250741e+01
3.250741e+01
3.250741e+01
3.250741e+01
3.250741e+01
3.250741e+01
3.250741e+01
3.250741e+01
3.250741e+01
3.250741e+01
3.250741e+01
3.250741e+01
3.250741e+01
3.250741e+01
3.250741e+01
3.250741e+01
3.250741e+01
3.250741e+01
3.250741e+01
3.250741e+01
3.250741e+01
3.250741e+01
3.250741e+01
3.250741e+01
3.250741e+01
3.250741e+01
3.250741e+01
3.250741e+01
3.250741e+01
3.250741e+01
3.250741e+01
3.250741e+01
3.250741e+01
3.250741e+01
3.250741e+01
3.250741e+01
3.250741e+01
3.250741e+01
3.250741e+01
3.250741e+01
3.250741e+01
3.250741e+01
3.250741e+01
3.250741e+01
3.250741e+01
3.250741e+01
3.250741e+01
3.250741e+01
3.250741e+01
3.250741e+01
3.250741e+01
3.250741e+01
3.250741e+01
3.250741e+01
3.250741e+01
3.250741e+01
3.250741e+01
3.250741e+01
3.250741e+01
3.250741e+01
3.250741e+01
3.250741e+01
3.250741e+01
3.250741e+01
3.250741e+01
3.250741e+01
3.250741e+01
3.250741e+01
3.250741e+01
3.250741e+01
3.250741e+01
3.250741e+01
3.250741e+01
3.250741e+01
3.250741e+01
3.250741e+01
3.250741e+01
3.199869e+01
3.199869e+01
3.199869e+01
3.199869e+01
3.199869e+01
3.199869e+01
3.199869e+01
3.199869e+01
3.199869e+01
3.199869e+01
3.199869e+01
3.199869e+01
3.199869e+01
3.199869e+01
3.199869e+01
3.199869e+01
3.199869e+01
3.199869e+01
3.199869e+01
3.199869e+01
3.199869e+01
3.199869e+01
3.199869e+01
3.199869e+01
3.199869e+01
3.199869e+01
3.199869e+01
3.199869e+01
3.199869e+01
3.199869e+01
3.199869e+01
3.199869e+01
3.199869e+01
3.199869e+01
3.199869e+01
3.199869e+01
3.199869e+01
3.199869e+01
3.199869e+01
3.199869e+01
3.199869e+01
3.199869e+01
3.199869e+01
3.199869e+01
3.199869e+01
3.199869e+01
3.199869e+01
3.199869e+01
3.199869e+01
3.199869e+01
3.199869e+01
3.199869e+01
3.199869e+01
3.199869e+01
3.199869e+01
3.199869e+01
3.199869e+01
3.199869e+01
3.199869e+01
3.199869e+01
3.199869e+01
3.199869e+01
3.199869e+01
3.199869e+01
3.199869e+01
3.199869e+01
3.199869e+01
3.199869e+01
3.199869e+01
3.199869e+01
3.199869e+01
3.199869e+01
3.199869e+01
3.199869e+01
3.199869e+01
3.199869e+01
3.199869e+01
3.199869e+01
3.199869e+01
3.199869e+01
3.199869e+01
3.199869e+01
3.199869e+01
3.199869e+01
3.199869e+01
3.199869e+01
3.199869e+01
3.199869e+01
3.199869e+01
3.199869e+01
3.199869e+01
3.199869e+01
3.199869e+01
3.199869e+01
3.199869e+01
3.199869e+01
3.199869e+01
3.199869e+01
3.199869e+01
3.199869e+01
3.199869e+01
3.199869e+01
3.199869e+01
3.199869e+01
3.199869e+01
3.199869e+01
3.199869e+01
3.199869e+01
3.199869e+01
3.199869e+01
3.199869e+01
3.199869e+01
3.199869e+01
3.199869e+01
3.199869e+01
3.199869e+01
3.165321e+01
3.165321e+01
3.165321e+01
3.165321e+01
3.165321e+01
3.165321e+01
3.165321e+01
3.165321e+01
3.165321e+01
3.165321e+01
3.165321e+01
3.165321e+01
3.165321e+01
3.165321e+01
3.165321e+01
3.165321e+01
3.165321e+01
3.165321e+01
3.165321e+01
3.165321e+01
3.165321e+01
3.165321e+01
3.165321e+01
3.165321e+01
3.165321e+01
3.165321e+01
3.165321e+01
3.165321e+01
3.165321e+01
3.165321e+01
3.165321e+01
3.165321e+01
3.165321e+01
3.165321e+01
3.165321e+01
3.165321e+01
3.165321e+01
3.165321e+01
3.165321e+01
3.138779e+01
3.138779e+01
3.138779e+01
3.137777e+01
3.137777e+01
3.137777e+01
3.137777e+01
3.137777e+01
3.137777e+01
3.137777e+01
3.137777e+01
3.137777e+01
3.137777e+01
3.137777e+01
3.137777e+01
3.137777e+01
3.137777e+01
3.137777e+01
3.137777e+01
3.137777e+01
3.137777e+01
3.137777e+01
3.137777e+01
3.137777e+01
3.137777e+01
3.137777e+01
3.137777e+01
3.137777e+01
3.137777e+01
3.137777e+01
3.137777e+01
3.137777e+01
3.137777e+01
3.137777e+01
3.137777e+01
3.137777e+01
3.137777e+01
3.137777e+01
3.137777e+01
3.073616e+01
3.073616e+01
3.073616e+01
3.073616e+01
3.073616e+01
3.073616e+01
3.073616e+01
3.073616e+01
3.073616e+01
3.073616e+01
3.073616e+01
3.073616e+01
3.073616e+01
3.073616e+01
3.073616e+01
3.073616e+01
3.073616e+01
3.073616e+01
3.073616e+01
3.073616e+01
3.073616e+01
3.073616e+01
3.073616e+01
3.073616e+01
3.073616e+01
3.073616e+01
3.073616e+01
2.910887e+01
2.910887e+01
2.910887e+01
2.910887e+01
2.910887e+01
2.910887e+01
2.910887e+01
2.910887e+01
2.910887e+01
2.910887e+01
2.910887e+01
2.910887e+01
2.910887e+01
2.910887e+01
2.910887e+01
2.910887e+01
2.910887e+01
2.910887e+01
2.910887e+01
2.910887e+01
2.910887e+01
2.910887e+01
2.910887e+01
2.910887e+01
2.910887e+01
2.910887e+01
2.910887e+01
2.910887e+01
2.910887e+01
2.910887e+01
2.910887e+01
2.910887e+01
2.910887e+01
2.910887e+01
2.910887e+01
2.910887e+01
2.910887e+01
2.910887e+01
2.910887e+01
2.910887e+01
2.910887e+01
2.910887e+01
2.910887e+01
2.910887e+01
2.910887e+01
2.910887e+01
2.910887e+01
2.910887e+01
2.910887e+01
2.870987e+01
2.870987e+01
2.870987e+01
2.870987e+01
2.870987e+01
2.870987e+01
2.870987e+01
2.870987e+01
2.870987e+01
2.847908e+01
2.847908e+01
2.847908e+01
2.847908e+01
2.847908e+01
2.847908e+01
2.847908e+01
2.847908e+01
2.847908e+01
2.847908e+01
2.847908e+01
2.847908e+01
2.847908e+01
2.843320e+01
2.843320e+01
2.843320e+01
2.843320e+01
2.843320e+01
2.843320e+01
2.843320e+01
2.760768e+01
2.760768e+01
2.760768e+01
2.760768e+01
2.760768e+01
2.760768e+01
2.760768e+01
2.760768e+01
2.760768e+01
2.760768e+01
2.760768e+01
2.760768e+01
2.760768e+01
2.760768e+01
2.760768e+01
2.760768e+01
2.760768e+01
2.760768e+01
2.760768e+01
2.760768e+01
2.760768e+01
2.760768e+01
2.760768e+01
2.760768e+01
2.760768e+01
2.760768e+01
2.760768e+01
2.760768e+01
2.760768e+01
2.760768e+01
2.760768e+01
2.760768e+01
2.760768e+01
2.760768e+01
2.743812e+01
2.743812e+01
2.743812e+01
2.743812e+01
2.743812e+01
2.743812e+01
2.741532e+01
2.741532e+01
2.741532e+01
2.741532e+01
2.741532e+01
2.741532e+01
2.741532e+01
2.741532e+01
2.741532e+01
2.741532e+01
2.741532e+01
2.741532e+01
2.741532e+01
2.741532e+01
2.741532e+01
2.741532e+01
2.741532e+01
2.741532e+01
2.741532e+01
2.741532e+01
2.741532e+01
2.741532e+01
2.698051e+01
2.698051e+01
2.698051e+01
2.698051e+01
2.698051e+01
2.698051e+01
2.698051e+01
2.698051e+01
2.698051e+01
2.698051e+01
2.698051e+01
2.698051e+01
2.698051e+01
2.698051e+01
2.698051e+01
2.698051e+01
2.698051e+01
2.698051e+01
2.698051e+01
2.698051e+01
2.698051e+01
2.698051e+01
2.698051e+01
2.698051e+01
2.698051e+01
2.698051e+01
2.698051e+01
2.698051e+01
2.698051e+01
2.698051e+01
2.698051e+01
2.698051e+01
2.698051e+01
2.698051e+01
2.698051e+01
2.698051e+01
2.698051e+01
2.698051e+01
2.698051e+01
2.698051e+01
2.698051e+01
2.698051e+01
2.698051e+01
2.698051e+01
2.698051e+01
2.698051e+01
2.698051e+01
2.698051e+01
2.698051e+01
2.698051e+01
2.698051e+01
2.698051e+01
2.698051e+01
2.698051e+01
2.698051e+01
2.698051e+01
2.698051e+01
2.698051e+01
2.698051e+01
2.698051e+01
2.698051e+01
2.698051e+01
2.698051e+01
2.698051e+01
2.698051e+01
2.698051e+01
2.698051e+01
2.659118e+01
2.659118e+01
2.659118e+01
2.659118e+01
2.659118e+01
2.659118e+01
2.659118e+01
2.659118e+01
2.659118e+01
2.659118e+01
2.659118e+01
2.659118e+01
2.659118e+01
2.659118e+01
2.659118e+01
2.659118e+01
2.659118e+01
2.659118e+01
2.659118e+01
2.659118e+01
2.659118e+01
2.659118e+01
2.659118e+01
2.659118e+01
2.659118e+01
2.659118e+01
2.659118e+01
2.659118e+01
2.659118e+01
2.659118e+01
2.659118e+01
2.659118e+01
2.659118e+01
2.659118e+01
2.659118e+01
2.659118e+01
2.659118e+01
2.659118e+01
2.659118e+01
2.659118e+01
2.659118e+01
2.659118e+01
2.659118e+01
2.659118e+01
2.659118e+01
2.659118e+01
2.659118e+01
2.659118e+01
2.659118e+01
2.659118e+01
2.659118e+01
2.659118e+01
2.659118e+01
2.659118e+01
2.659118e+01
2.659118e+01
2.659118e+01
2.659118e+01
2.659118e+01
2.659118e+01
2.659118e+01
2.659118e+01
2.659118e+01
2.659118e+01
2.659118e+01
2.659118e+01
2.659118e+01
2.659118e+01
2.659118e+01
2.659118e+01
2.659118e+01
2.659118e+01
2.659118e+01
2.659118e+01
2.659118e+01
2.659118e+01
2.659118e+01
2.659118e+01
2.659118e+01
2.659118e+01
5.644701e+02
5.644701e+02
5.540747e+02
5.335556e+02
5.335556e+02
5.335556e+02
5.335556e+02
5.335556e+02
5.335556e+02
5.335556e+02
5.335556e+02
5.240007e+02
5.240007e+02
5.240007e+02
5.183677e+02
5.183677e+02
5.183677e+02
5.183677e+02
5.183677e+02
5.183677e+02
5.183677e+02
5.183677e+02
5.183677e+02
5.177798e+02
5.177798e+02
4.946663e+02
4.901510e+02
4.901510e+02
4.901510e+02
4.901510e+02
4.901510e+02
4.901510e+02
4.901510e+02
4.901510e+02
4.901510e+02
4.901510e+02
4.901510e+02
4.901510e+02
4.901510e+02
4.737673e+02
4.737673e+02
4.737673e+02
4.737673e+02
4.737673e+02
4.737673e+02
4.737673e+02
4.737673e+02
4.737673e+02
4.737673e+02
4.737673e+02
4.737673e+02
4.737673e+02
4.737673e+02
4.703835e+02
4.703835e+02
4.703835e+02
4.703835e+02
4.703835e+02
4.703835e+02
4.641552e+02
4.641552e+02
4.641552e+02
4.641552e+02
4.641552e+02
4.641552e+02
4.641552e+02
4.641552e+02
4.641552e+02
4.641552e+02
4.641552e+02
4.641552e+02
4.641552e+02
4.641552e+02
4.641552e+02
4.567269e+02
4.567269e+02
4.567269e+02
4.567269e+02
4.567269e+02
4.567269e+02
4.567269e+02
4.567269e+02
4.567269e+02
4.567269e+02
4.533460e+02
4.533460e+02
4.533460e+02
4.476388e+02
4.476388e+02
4.476388e+02
4.476388e+02
4.476388e+02
4.476388e+02
4.476388e+02
4.476388e+02
4.476388e+02
4.476388e+02
4.476388e+02
4.476388e+02
4.476388e+02
4.476388e+02
4.476388e+02
4.449252e+02
4.449252e+02
4.449252e+02
4.449252e+02
4.443436e+02
4.443436e+02
4.443436e+02
4.443436e+02
4.443436e+02
4.443436e+02
4.443436e+02
4.443436e+02
4.443436e+02
4.443436e+02
4.443436e+02
4.368255e+02
4.368255e+02
4.368255e+02
4.368255e+02
4.368255e+02
4.368255e+02
4.368255e+02
4.368255e+02
4.368255e+02
4.368255e+02
4.368255e+02
4.368255e+02
4.258294e+02
4.258294e+02
4.258294e+02
4.258294e+02
4.258294e+02
4.258294e+02
4.258294e+02
4.258294e+02
4.258294e+02
4.258294e+02
4.258294e+02
4.258294e+02
4.258294e+02
4.258294e+02
4.258294e+02
4.258294e+02
4.258294e+02
4.258294e+02
4.258294e+02
4.258294e+02
4.258294e+02
4.258294e+02
4.258294e+02
4.224084e+02
4.224084e+02
4.224084e+02
4.224084e+02
4.224084e+02
4.224084e+02
4.224084e+02
4.224084e+02
4.224084e+02
4.224084e+02
4.224084e+02
4.224084e+02
4.224084e+02
4.224084e+02
4.224084e+02
4.224084e+02
4.224084e+02
4.224084e+02
4.224084e+02
4.224084e+02
4.224084e+02
4.224084e+02
4.224084e+02
4.224084e+02
4.224084e+02
4.224084e+02
4.224084e+02
4.224084e+02
4.224084e+02
4.224084e+02
4.224084e+02
4.224084e+02
4.224084e+02
4.224084e+02
4.224084e+02
4.224084e+02
4.224084e+02
4.224084e+02
4.224084e+02
4.224084e+02
4.192594e+02
4.192594e+02
4.192594e+02
4.192594e+02
4.192594e+02
4.180738e+02
4.180738e+02
4.180738e+02
4.180738e+02
4.177543e+02
4.177543e+02
4.177543e+02
4.177543e+02
4.177543e+02
4.177543e+02
4.177543e+02
4.177543e+02
4.177543e+02
4.177543e+02
4.177543e+02
4.100851e+02
4.100851e+02
4.100851e+02
4.100851e+02
4.100851e+02
4.100851e+02
4.100851e+02
4.100851e+02
4.100851e+02
4.100851e+02
4.100851e+02
4.100851e+02
4.100851e+02
4.100851e+02
4.100851e+02
4.100851e+02
4.100851e+02
4.100851e+02
4.100851e+02
4.100851e+02
4.100851e+02
4.100851e+02
4.100851e+02
4.100851e+02
4.100851e+02
4.100851e+02
4.100851e+02
4.100851e+02
4.100851e+02
4.100851e+02
4.100851e+02
4.100851e+02
4.100851e+02
4.091997e+02
4.091997e+02
4.091997e+02
4.091997e+02
4.091997e+02
4.091997e+02
4.091997e+02
4.091997e+02
4.068362e+02
4.068362e+02
4.068362e+02
4.068362e+02
4.068362e+02
4.025745e+02
3.961479e+02
3.912399e+02
3.912399e+02
3.912399e+02
3.912399e+02
3.912399e+02
3.912399e+02
3.912399e+02
3.912399e+02
3.912399e+02
3.888567e+02
3.888567e+02
3.888567e+02
3.888567e+02
3.888567e+02
3.888567e+02
3.888567e+02
3.888567e+02
3.888567e+02
3.888567e+02
3.888567e+02
3.888567e+02
3.888567e+02
3.888567e+02
3.888567e+02
3.888567e+02
3.888567e+02
3.888567e+02
3.888567e+02
3.888567e+02
3.888567e+02
3.888567e+02
3.888567e+02
3.888567e+02
3.888567e+02
3.888567e+02
3.888567e+02
3.888567e+02
3.888567e+02
3.863707e+02
3.863707e+02
3.863707e+02
3.863707e+02
3.863707e+02
3.859401e+02
3.859401e+02
3.859401e+02
3.859401e+02
3.859401e+02
3.859401e+02
3.859401e+02
3.859401e+02
3.859401e+02
3.859401e+02
3.859401e+02
3.859401e+02
3.847224e+02
3.847224e+02
3.847224e+02
3.847224e+02
3.844454e+02
3.844454e+02
3.844454e+02
3.844454e+02
3.770030e+02
3.770030e+02
3.770030e+02
3.770030e+02
3.770030e+02
3.770030e+02
3.770030e+02
3.770030e+02
3.770030e+02
3.770030e+02
3.770030e+02
3.770030e+02
3.770030e+02
3.770030e+02
3.770030e+02
3.770030e+02
3.770030e+02
3.770030e+02
3.770030e+02
3.770030e+02
3.770030e+02
3.770030e+02
3.770030e+02
3.770030e+02
3.770030e+02
3.770030e+02
3.677864e+02
3.647702e+02
3.647702e+02
3.647702e+02
3.647702e+02
3.647702e+02
3.647702e+02
3.647702e+02
3.647702e+02
3.647702e+02
3.647702e+02
3.647702e+02
3.647702e+02
3.647702e+02
3.647702e+02
3.620643e+02
3.620643e+02
3.620643e+02
3.409029e+02
3.409029e+02
3.409029e+02
3.409029e+02
3.409029e+02
3.409029e+02
3.409029e+02
3.409029e+02
3.409029e+02
3.409029e+02
3.409029e+02
3.409029e+02
3.409029e+02
3.409029e+02
3.409029e+02
3.409029e+02
3.409029e+02
3.409029e+02
3.409029e+02
3.409029e+02
3.409029e+02
3.409029e+02
3.409029e+02
3.409029e+02
3.409029e+02
3.409029e+02
3.390155e+02
3.390155e+02
3.390155e+02
3.390155e+02
3.390155e+02
3.390155e+02
3.390155e+02
3.390155e+02
3.390155e+02
3.390155e+02
3.390155e+02
3.390155e+02
3.390155e+02
3.375363e+02
3.375363e+02
3.375363e+02
3.375363e+02
3.375363e+02
3.375363e+02
3.375363e+02
3.375363e+02
3.375363e+02
3.375363e+02
3.375363e+02
3.375363e+02
3.375363e+02
3.375363e+02
3.375363e+02
3.375363e+02
3.375363e+02
3.375363e+02
3.375363e+02
3.375363e+02
3.375363e+02
3.375363e+02
3.375363e+02
3.375363e+02
3.375363e+02
3.375363e+02
3.375363e+02
3.375363e+02
3.375363e+02
3.375363e+02
3.375363e+02
3.375363e+02
3.375363e+02
3.375363e+02
3.375363e+02
3.375363e+02
3.375363e+02
3.375363e+02
3.375363e+02
3.375363e+02
3.375363e+02
3.375363e+02
3.375363e+02
3.375363e+02
3.375363e+02
3.375363e+02
3.375363e+02
3.375363e+02
3.375363e+02
3.375363e+02
3.375363e+02
3.375363e+02
3.375363e+02
3.375363e+02
3.375363e+02
3.375363e+02
3.297211e+02
3.297211e+02
3.297211e+02
3.297211e+02
3.297211e+02
3.297211e+02
3.297211e+02
3.297211e+02
3.297211e+02
3.297211e+02
3.297211e+02
3.268279e+02
3.268279e+02
3.268279e+02
3.268279e+02
3.268279e+02
3.268279e+02
3.268279e+02
3.201592e+02
3.201592e+02
3.201592e+02
3.201592e+02
3.201592e+02
3.201592e+02
3.201592e+02
3.201592e+02
3.201592e+02
3.201592e+02
3.201592e+02
3.201592e+02
3.201592e+02
3.201592e+02
3.201592e+02
3.201592e+02
3.201592e+02
3.201592e+02
3.201592e+02
3.201592e+02
3.201592e+02
3.201592e+02
3.201592e+02
3.201592e+02
3.201592e+02
3.201592e+02
3.201592e+02
3.201592e+02
3.201592e+02
3.201592e+02
3.201592e+02
3.201592e+02
3.201592e+02
3.201592e+02
3.201592e+02
3.201592e+02
3.201592e+02
3.201592e+02
3.201592e+02
3.201592e+02
3.201592e+02
3.201592e+02
3.201592e+02
3.201592e+02
3.101705e+02
3.101705e+02
3.101705e+02
3.101705e+02
3.101705e+02
3.101705e+02
3.101705e+02
3.101705e+02
3.101705e+02
3.101705e+02
3.101705e+02
3.101705e+02
3.101705e+02
3.101705e+02
3.101705e+02
3.101705e+02
3.101705e+02
3.101705e+02
3.101705e+02
3.089856e+02
3.089856e+02
3.089856e+02
3.089856e+02
3.089856e+02
3.089856e+02
3.089856e+02
3.089856e+02
3.089856e+02
3.089856e+02
3.089856e+02
3.089856e+02
3.089856e+02
3.089856e+02
3.089856e+02
3.089856e+02
3.089856e+02
3.089856e+02
3.089856e+02
3.089856e+02
3.089856e+02
3.089856e+02
3.089856e+02
3.089856e+02
3.089856e+02
3.089856e+02
3.089856e+02
3.089856e+02
3.089856e+02
3.089856e+02
3.089856e+02
3.089856e+02
3.089856e+02
3.089856e+02
3.089856e+02
3.089856e+02
3.089856e+02
3.089856e+02
3.089856e+02
3.089856e+02
3.089856e+02
3.089856e+02
3.089856e+02
3.089856e+02
3.089856e+02
3.089856e+02
3.089856e+02
3.089856e+02
3.089856e+02
3.089856e+02
3.089856e+02
3.089856e+02
3.089856e+02
3.089856e+02
3.089856e+02
3.089856e+02
3.089856e+02
3.089856e+02
3.089856e+02
3.089856e+02
3.089856e+02
3.089856e+02
3.089856e+02
3.089856e+02
3.089856e+02
3.089856e+02
3.089856e+02
3.089856e+02
3.089856e+02
3.089856e+02
3.089856e+02
3.089856e+02
3.089856e+02
3.089856e+02
3.089856e+02
3.089856e+02
3.089856e+02
3.089856e+02
3.089856e+02
3.089856e+02
3.072831e+02
3.072831e+02
3.072831e+02
3.072831e+02
3.072831e+02
3.072831e+02
3.072831e+02
3.072831e+02
3.072831e+02
3.072831e+02
3.065802e+02
3.065802e+02
3.065802e+02
3.065802e+02
3.065802e+02
3.065802e+02
3.065802e+02
3.065802e+02
3.065802e+02
3.065802e+02
3.065802e+02
3.065802e+02
3.065802e+02
3.065802e+02
3.065802e+02
3.065802e+02
3.065802e+02
3.065802e+02
3.065802e+02
3.065802e+02
3.065802e+02
3.065802e+02
3.065802e+02
3.065802e+02
3.065802e+02
3.065802e+02
3.065802e+02
3.065802e+02
3.065802e+02
3.065802e+02
3.065802e+02
3.065802e+02
3.065802e+02
3.065802e+02
3.065802e+02
3.065802e+02
3.065802e+02
3.065802e+02
3.065802e+02
3.065802e+02
3.065802e+02
3.005415e+02
3.005415e+02
3.005415e+02
3.005415e+02
3.005415e+02
3.005415e+02
3.005415e+02
3.005415e+02
3.005415e+02
3.005415e+02
3.005415e+02
3.005415e+02
3.005415e+02
3.005415e+02
3.005415e+02
3.005415e+02
3.005415e+02
3.005415e+02
3.005415e+02
3.005415e+02
3.005415e+02
3.005415e+02
3.005415e+02
3.005415e+02
3.005415e+02
3.005415e+02
3.005415e+02
3.005415e+02
3.005415e+02
3.005415e+02
3.005415e+02
3.005415e+02
3.005415e+02
3.005415e+02
3.005415e+02
3.005415e+02
3.005415e+02
3.005415e+02
3.005415e+02
3.005415e+02
2.975203e+02
2.975203e+02
2.975203e+02
2.975203e+02
2.975203e+02
2.975203e+02
2.975203e+02
2.975203e+02
2.975203e+02
2.975203e+02
2.975203e+02
2.975203e+02
2.975203e+02
2.975203e+02
2.975203e+02
2.975203e+02
2.975203e+02
2.975203e+02
2.975203e+02
2.975203e+02
2.975203e+02
2.975203e+02
2.975203e+02
2.975203e+02
2.975203e+02
2.975203e+02
2.975203e+02
2.975203e+02
2.975203e+02
2.975203e+02
2.975203e+02
2.975203e+02
2.975203e+02
2.975203e+02
2.975203e+02
2.975203e+02
2.975203e+02
2.975203e+02
2.975203e+02
2.975203e+02
2.975203e+02
2.975203e+02
2.975203e+02
2.975203e+02
2.975203e+02
2.975203e+02
2.975203e+02
2.975203e+02
2.975203e+02
2.975203e+02
2.975203e+02
2.975203e+02
2.975203e+02
2.969691e+02
2.969691e+02
2.969691e+02
2.969691e+02
2.969691e+02
2.969691e+02
2.969691e+02
2.969691e+02
2.969691e+02
2.969691e+02
2.969691e+02
2.969691e+02
2.969691e+02
2.969691e+02
2.969691e+02
2.969691e+02
2.969691e+02
2.969691e+02
2.969691e+02
2.969691e+02
2.969691e+02
2.969691e+02
2.969691e+02
2.969691e+02
2.969691e+02
2.969691e+02
2.969691e+02
2.969691e+02
2.969691e+02
2.969691e+02
2.969691e+02
2.969691e+02
2.969691e+02
2.969691e+02
2.969691e+02
2.969691e+02
2.969691e+02
2.969691e+02
2.969691e+02
2.969691e+02
2.969691e+02
2.969691e+02
2.969691e+02
2.969691e+02
2.969691e+02
2.969691e+02
2.969691e+02
2.969691e+02
2.969691e+02
2.969691e+02
2.969691e+02
2.969691e+02
2.969691e+02
2.969691e+02
2.969691e+02
2.969691e+02
2.969691e+02
2.969691e+02
2.969691e+02
2.969691e+02
2.969691e+02
2.969691e+02
2.969691e+02
2.969691e+02
2.969691e+02
2.969691e+02
2.969691e+02
2.969691e+02
2.969691e+02
2.969691e+02
2.969691e+02
2.969691e+02
2.969691e+02
2.969691e+02
2.969691e+02
2.969691e+02
2.969691e+02
2.969691e+02
2.969691e+02
2.969691e+02
2.969691e+02
2.969691e+02
2.969691e+02
2.969691e+02
2.969691e+02
2.969691e+02
2.969691e+02
2.969691e+02
2.969691e+02
2.969691e+02
2.969691e+02
2.969691e+02
2.969691e+02
2.969691e+02
2.969691e+02
2.969691e+02
2.969691e+02
2.969691e+02
2.969691e+02
2.969691e+02
2.969691e+02
2.969691e+02
2.969691e+02
2.969691e+02
2.969691e+02
2.969691e+02
2.969691e+02
2.969691e+02
2.969691e+02
2.969691e+02
2.969691e+02
2.969691e+02
2.969691e+02
2.969691e+02
2.969691e+02
2.949183e+02
2.949183e+02
2.949183e+02
2.949183e+02
2.949183e+02
2.949183e+02
2.949183e+02
2.949183e+02
2.949183e+02
2.949183e+02
2.949183e+02
2.949183e+02
2.949183e+02
2.949183e+02
2.949183e+02
2.949183e+02
2.949183e+02
2.949183e+02
2.949183e+02
2.949183e+02
2.949183e+02
2.949183e+02
2.949183e+02
2.949183e+02
2.949183e+02
2.949183e+02
2.949183e+02
2.949183e+02
2.949183e+02
2.949183e+02
2.949183e+02
2.949183e+02
2.949183e+02
2.949183e+02
2.949183e+02
2.949183e+02
2.949183e+02
2.949183e+02
2.949183e+02
2.923774e+02
2.923774e+02
2.923774e+02
2.923774e+02
2.923774e+02
2.923774e+02
2.923774e+02
2.923774e+02
2.923774e+02
2.923774e+02
2.923774e+02
2.923774e+02
2.923774e+02
2.923774e+02
2.923774e+02
2.923774e+02
2.923774e+02
2.923774e+02
2.923774e+02
2.923774e+02
2.923774e+02
2.923774e+02
2.923774e+02
2.923774e+02
2.923774e+02
2.923774e+02
2.923774e+02
2.923774e+02
2.923774e+02
2.923774e+02
2.923774e+02
2.923774e+02
2.923774e+02
2.923774e+02
2.923774e+02
2.923774e+02
2.923774e+02
2.923774e+02
2.923774e+02
2.923774e+02
2.923774e+02
2.923774e+02
2.923774e+02
2.923774e+02
2.923774e+02
2.923774e+02
2.923774e+02
2.923774e+02
2.923774e+02
2.923774e+02
2.923774e+02
2.923774e+02
2.923774e+02
2.923774e+02
2.923774e+02
2.923774e+02
2.923774e+02
2.923774e+02
2.923774e+02
2.923774e+02
2.923774e+02
2.923774e+02
2.923774e+02
2.923774e+02
2.923774e+02
2.923774e+02
2.923774e+02
2.923774e+02
2.923774e+02
2.923774e+02
2.923774e+02
2.923774e+02
2.923774e+02
2.923774e+02
2.923774e+02
2.923774e+02
2.923774e+02
2.923774e+02
2.923774e+02
2.923774e+02
2.923774e+02
2.923774e+02
2.923774e+02
2.923774e+02
2.923774e+02
2.923774e+02
2.923774e+02
2.923774e+02
2.923774e+02
2.923774e+02
2.923774e+02
2.923774e+02
2.923774e+02
2.923774e+02
2.923774e+02
2.923774e+02
2.923774e+02
2.923774e+02
2.923774e+02
2.923774e+02
2.923774e+02
2.923774e+02
2.923774e+02
2.923774e+02
2.923774e+02
2.923774e+02
2.923774e+02
2.923774e+02
2.923774e+02
2.923774e+02
2.923774e+02
2.923774e+02
2.923774e+02
2.923774e+02
2.923774e+02
2.923774e+02
2.923774e+02
2.923774e+02
2.923774e+02
2.923774e+02
2.923774e+02
2.882910e+02
2.882910e+02
2.882910e+02
2.882910e+02
2.882910e+02
2.874319e+02
2.874319e+02
2.874319e+02
2.874319e+02
2.874319e+02
2.874319e+02
2.874319e+02
2.871301e+02
2.871301e+02
2.871301e+02
2.871301e+02
2.871301e+02
2.871301e+02
2.871301e+02
2.871301e+02
2.871301e+02
2.871301e+02
2.871301e+02
2.871301e+02
2.871301e+02
2.871301e+02
2.871301e+02
2.871301e+02
2.871301e+02
2.871301e+02
2.871301e+02
2.871301e+02
2.871301e+02
2.871301e+02
2.871301e+02
2.871301e+02
2.871301e+02
2.871301e+02
2.871301e+02
2.871301e+02
2.787870e+02
2.784454e+02
2.784454e+02
2.784454e+02
2.727035e+02
2.727035e+02
2.727035e+02
2.727035e+02
2.727035e+02
2.727035e+02
2.727035e+02
2.727035e+02
2.727035e+02
2.727035e+02
2.727035e+02
2.727035e+02
2.727035e+02
2.727035e+02
2.727035e+02
2.727035e+02
2.727035e+02
2.727035e+02
2.727035e+02
2.727035e+02
2.727035e+02
2.727035e+02
2.727035e+02
2.727035e+02
2.727035e+02
2.727035e+02
2.727035e+02
2.727035e+02
2.727035e+02
2.727035e+02
2.727035e+02
2.727035e+02
2.727035e+02
2.727035e+02
2.727035e+02
2.727035e+02
2.697600e+02
2.697600e+02
2.697600e+02
2.697600e+02
2.697600e+02
2.697600e+02
2.697600e+02
2.697600e+02
2.697600e+02
2.697600e+02
2.697600e+02
2.697600e+02
2.697600e+02
2.697600e+02
2.697600e+02
2.697600e+02
2.697600e+02
2.697600e+02
2.697600e+02
2.697600e+02
2.697600e+02
2.697600e+02
2.697600e+02
2.697600e+02
2.697600e+02
2.697600e+02
2.697600e+02
2.697600e+02
2.697600e+02
2.697600e+02
2.697600e+02
2.697600e+02
2.697600e+02
2.697600e+02
2.697600e+02
2.697600e+02
2.697600e+02
2.697600e+02
2.697600e+02
2.697600e+02
2.697600e+02
2.697600e+02
2.697600e+02
2.697600e+02
2.697600e+02
2.697600e+02
2.697600e+02
2.697600e+02
2.697600e+02
2.697600e+02
2.697600e+02
2.697600e+02
2.697600e+02
2.697600e+02
2.697600e+02
2.697600e+02
2.697600e+02
2.697600e+02
2.697600e+02
2.697600e+02
2.697600e+02
2.697600e+02
2.697600e+02
2.697600e+02
2.697600e+02
2.697600e+02
2.697600e+02
2.697600e+02
2.697600e+02
2.697600e+02
2.697600e+02
2.697600e+02
2.697600e+02
2.697600e+02
2.697600e+02
2.695361e+02
2.695361e+02
2.695361e+02
2.695361e+02
2.695361e+02
2.695361e+02
2.695361e+02
2.695361e+02
2.695361e+02
2.695361e+02
2.695361e+02
2.695361e+02
2.695361e+02
2.695361e+02
2.695361e+02
2.695361e+02
2.695361e+02
2.695361e+02
2.695361e+02
2.695361e+02
2.695361e+02
2.695361e+02
2.695361e+02
2.695361e+02
2.695361e+02
2.695361e+02
2.695361e+02
2.695361e+02
2.695361e+02
2.695361e+02
2.695361e+02
2.695361e+02
2.695361e+02
2.695361e+02
2.695361e+02
2.695361e+02
2.695361e+02
2.695361e+02
2.695361e+02
2.695361e+02
2.695361e+02
2.695361e+02
2.695361e+02
2.695361e+02
2.695361e+02
2.695361e+02
2.695361e+02
2.695361e+02
2.695361e+02
2.695361e+02
2.695361e+02
2.695361e+02
2.695361e+02
2.695361e+02
2.695361e+02
2.695361e+02
2.695361e+02
2.695361e+02
2.695361e+02
2.695361e+02
2.695361e+02
2.695361e+02
2.695361e+02
2.695361e+02
2.695361e+02
2.695361e+02
2.695361e+02
2.695361e+02
2.695361e+02
2.695361e+02
2.695361e+02
2.695361e+02
2.695361e+02
2.695361e+02
2.695361e+02
2.695361e+02
2.695361e+02
2.695361e+02
2.695361e+02
2.695361e+02
2.695361e+02
2.695361e+02
2.695361e+02
2.695361e+02
2.695361e+02
2.695361e+02
2.695361e+02
2.695361e+02
2.695361e+02
2.695361e+02
2.695361e+02
2.695361e+02
2.695361e+02
2.695361e+02
2.695361e+02
2.695361e+02
2.695361e+02
2.695361e+02
2.695361e+02
2.695361e+02
2.695361e+02
2.695361e+02
2.695361e+02
2.695361e+02
2.695361e+02
2.695361e+02
2.695361e+02
2.695361e+02
2.695361e+02
2.695361e+02
2.695361e+02
2.695361e+02
2.695361e+02
2.695361e+02
2.695361e+02
2.695361e+02
2.695361e+02
2.695361e+02
2.695361e+02
2.695361e+02
2.695361e+02
2.695361e+02
2.695361e+02
2.695361e+02
2.695361e+02
2.695361e+02
2.695361e+02
2.692106e+02
2.692106e+02
2.692106e+02
2.692106e+02
2.692106e+02
2.692106e+02
2.692106e+02
2.692106e+02
2.692106e+02
2.692106e+02
2.692106e+02
2.692106e+02
2.692106e+02
2.692106e+02
2.614895e+02
2.614895e+02
2.614895e+02
2.614895e+02
2.614895e+02
2.614895e+02
2.614895e+02
2.614895e+02
2.614895e+02
2.614895e+02
2.614895e+02
2.614895e+02
2.614895e+02
2.614895e+02
2.614895e+02
2.614895e+02
2.614895e+02
2.614895e+02
2.614895e+02
2.614895e+02
2.614895e+02
2.614895e+02
2.614895e+02
2.614895e+02
2.614895e+02
2.614895e+02
2.614895e+02
2.614895e+02
2.614895e+02
2.614895e+02
2.614895e+02
2.614895e+02
2.614895e+02
2.614895e+02
2.614895e+02
2.614895e+02
2.614895e+02
2.614895e+02
2.614895e+02
2.614895e+02
2.614895e+02
2.614895e+02
2.614895e+02
2.614895e+02
2.614895e+02
2.593524e+02
2.593524e+02
2.593524e+02
2.593524e+02
2.593524e+02
2.593524e+02
2.593524e+02
2.593524e+02
2.593524e+02
2.593524e+02
2.593524e+02
2.593524e+02
2.593524e+02
2.593524e+02
2.593524e+02
2.593524e+02
2.593524e+02
2.593524e+02
2.593524e+02
2.593524e+02
2.593524e+02
2.593524e+02
2.593524e+02
2.593524e+02
2.593524e+02
2.593524e+02
2.593524e+02
2.593524e+02
2.593524e+02
2.593524e+02
2.591208e+02
2.591208e+02
2.591208e+02
2.591208e+02
2.591208e+02
2.591208e+02
2.591208e+02
2.591208e+02
2.591208e+02
2.591208e+02
2.591208e+02
2.591208e+02
2.591208e+02
2.591208e+02
2.591208e+02
2.591208e+02
2.591208e+02
2.591208e+02
2.591208e+02
2.591208e+02
2.591208e+02
2.591208e+02
2.591208e+02
2.591208e+02
2.591208e+02
2.591208e+02
2.591208e+02
2.591208e+02
2.591208e+02
2.591208e+02
2.591208e+02
2.591208e+02
2.591208e+02
2.591208e+02
2.591208e+02
2.591208e+02
2.591208e+02
2.591208e+02
2.591208e+02
2.591208e+02
2.591208e+02
2.591208e+02
2.591208e+02
2.591208e+02
2.591208e+02
2.591208e+02
2.591208e+02
2.591208e+02
2.591208e+02
2.591208e+02
2.591208e+02
2.591208e+02
2.591208e+02
2.591208e+02
2.591208e+02
2.591208e+02
2.591208e+02
2.591208e+02
2.591208e+02
2.591208e+02
2.591208e+02
2.591208e+02
2.591208e+02
2.591208e+02
2.591208e+02
2.591208e+02
2.591208e+02
2.591208e+02
2.591208e+02
2.591208e+02
2.591208e+02
2.591208e+02
2.591208e+02
2.591208e+02
2.591208e+02
2.591208e+02
2.591208e+02
2.591208e+02
2.591208e+02
2.591208e+02
2.591208e+02
2.591208e+02
2.591208e+02
2.591208e+02
2.591208e+02
2.591208e+02
2.591208e+02
2.591208e+02
2.591208e+02
2.591208e+02
2.591208e+02
2.591208e+02
2.591208e+02
2.591208e+02
2.591208e+02
2.591208e+02
2.591208e+02
2.591208e+02
2.591208e+02
2.591208e+02
2.591208e+02
2.591208e+02
2.591208e+02
2.591208e+02
2.591208e+02
2.591208e+02
2.591208e+02
2.591208e+02
2.591208e+02
2.591208e+02
2.591208e+02
2.591208e+02
2.591208e+02
2.591208e+02
2.591208e+02
2.591208e+02
2.589764e+02
2.589764e+02
2.589764e+02
2.589764e+02
2.589764e+02
2.589764e+02
2.589764e+02
2.589764e+02
2.585898e+02
2.585898e+02
2.585898e+02
2.585898e+02
2.585898e+02
2.585898e+02
2.585898e+02
2.585898e+02
2.585898e+02
2.585898e+02
2.572286e+02
2.572286e+02
2.572286e+02
2.572286e+02
2.572286e+02
2.572286e+02
2.572286e+02
2.572286e+02
2.572286e+02
2.572286e+02
2.572286e+02
2.572286e+02
2.572286e+02
2.572286e+02
2.572286e+02
2.572286e+02
2.572286e+02
2.572286e+02
2.572286e+02
2.572286e+02
2.572286e+02
2.572286e+02
2.431949e+02
2.431949e+02
2.431949e+02
2.431949e+02
2.431949e+02
2.431949e+02
2.431949e+02
2.431949e+02
2.431949e+02
2.431949e+02
2.431949e+02
2.431949e+02
2.431949e+02
2.431949e+02
2.431949e+02
2.431949e+02
2.431949e+02
2.431949e+02
2.431949e+02
2.431949e+02
2.431949e+02
2.431949e+02
2.431949e+02
2.431949e+02
2.431949e+02
2.431949e+02
2.431949e+02
2.431949e+02
2.431949e+02
2.431949e+02
2.431949e+02
2.431949e+02
2.431949e+02
2.431949e+02
2.431949e+02
2.431949e+02
2.431949e+02
2.431949e+02
2.431949e+02
2.431949e+02
2.431949e+02
2.431949e+02
2.431949e+02
2.431949e+02
2.431949e+02
2.431949e+02
2.431949e+02
2.431949e+02
2.431949e+02
2.431949e+02
2.431949e+02
2.431949e+02
2.431949e+02
2.431949e+02
2.431949e+02
2.431949e+02
2.431949e+02
2.431949e+02
2.431949e+02
2.431949e+02
2.431949e+02
2.431949e+02
2.431949e+02
2.431949e+02
2.431949e+02
2.431949e+02
2.431949e+02
2.431949e+02
2.431949e+02
2.431949e+02
2.431949e+02
2.431949e+02
2.431949e+02
2.431949e+02
2.431949e+02
2.431949e+02
2.431949e+02
2.431949e+02
2.431949e+02
2.431949e+02
2.431949e+02
2.431949e+02
2.431949e+02
2.431949e+02
2.431949e+02
2.431949e+02
2.431949e+02
2.431949e+02
2.431949e+02
2.431949e+02
2.431949e+02
2.431949e+02
2.431949e+02
2.431949e+02
2.431949e+02
2.431949e+02
2.431949e+02
2.431949e+02
2.431949e+02
2.431949e+02
2.431949e+02
2.431949e+02
2.431949e+02
2.431949e+02
2.431949e+02
2.431949e+02
2.431949e+02
2.431949e+02
2.382103e+02
2.382103e+02
2.382103e+02
2.382103e+02
2.382103e+02
2.382103e+02
2.382103e+02
2.382103e+02
2.382103e+02
2.382103e+02
2.382103e+02
2.382103e+02
2.382103e+02
2.382103e+02
2.382103e+02
2.382103e+02
2.382103e+02
2.382103e+02
2.382103e+02
2.382103e+02
2.382103e+02
2.382103e+02
2.382103e+02
2.382103e+02
2.382103e+02
2.382103e+02
2.382103e+02
2.382103e+02
2.382103e+02
2.382103e+02
2.382103e+02
2.382103e+02
2.382103e+02
2.382103e+02
2.382103e+02
2.382103e+02
2.334893e+02
2.334893e+02
2.334893e+02
2.334893e+02
2.334893e+02
2.334893e+02
2.334893e+02
2.334893e+02
2.334893e+02
2.302190e+02
2.302190e+02
2.302190e+02
2.302190e+02
2.302190e+02
2.210406e+02
2.210406e+02
2.210406e+02
2.210406e+02
2.210406e+02
2.210406e+02
2.210406e+02
2.210406e+02
2.210406e+02
2.210406e+02
2.210406e+02
2.210406e+02
2.210406e+02
2.210406e+02
2.210406e+02
2.210406e+02
2.210406e+02
2.210406e+02
2.210406e+02
2.210406e+02
2.210406e+02
2.210406e+02
2.210406e+02
2.210406e+02
2.210406e+02
2.210406e+02
2.210406e+02
2.210406e+02
2.210406e+02
2.210406e+02
2.210406e+02
2.210406e+02
2.210406e+02
2.210406e+02
2.210406e+02
2.210406e+02
2.210406e+02
2.210406e+02
2.210406e+02
2.210406e+02
2.210406e+02
2.210406e+02
2.210406e+02
2.210406e+02
2.210406e+02
2.210406e+02
2.210406e+02
2.210406e+02
2.210406e+02
2.210406e+02
2.210406e+02
2.210406e+02
2.210406e+02
2.210406e+02
2.210406e+02
2.210406e+02
2.210406e+02
2.210406e+02
2.210406e+02
2.210406e+02
2.210406e+02
2.210406e+02
2.210406e+02
2.210406e+02
2.210406e+02
2.210406e+02
2.210406e+02
2.210406e+02
2.210406e+02
2.210406e+02
2.210406e+02
2.210406e+02
2.210406e+02
2.210406e+02
2.210406e+02
2.210406e+02
2.210406e+02
2.210406e+02
2.210406e+02
2.210406e+02
2.210406e+02
2.204540e+02
2.204540e+02
2.204540e+02
2.204540e+02
2.204540e+02
2.204540e+02
2.204540e+02
2.204540e+02
2.204540e+02
2.204540e+02
2.204540e+02
2.204540e+02
2.204540e+02
2.204540e+02
2.204540e+02
2.204540e+02
2.204540e+02
2.204540e+02
2.204540e+02
2.204540e+02
2.204540e+02
2.204540e+02
2.204540e+02
2.204540e+02
2.204540e+02
2.204540e+02
2.204540e+02
2.204540e+02
2.204540e+02
2.204540e+02
2.204540e+02
2.204540e+02
2.204540e+02
2.204540e+02
2.204540e+02
2.204540e+02
2.204540e+02
2.204540e+02
2.204540e+02
2.204540e+02
2.204540e+02
2.204540e+02
2.204540e+02
2.204540e+02
2.204540e+02
2.204540e+02
2.204540e+02
2.204540e+02
2.204540e+02
2.204540e+02
2.204540e+02
2.204540e+02
2.204540e+02
2.204540e+02
2.204540e+02
2.204540e+02
2.204540e+02
2.204540e+02
2.204540e+02
2.204540e+02
2.204540e+02
2.204540e+02
2.204540e+02
2.204540e+02
2.204540e+02
2.204540e+02
2.204540e+02
2.204540e+02
2.204540e+02
2.204540e+02
2.204540e+02
2.204540e+02
2.204540e+02
2.204540e+02
2.204540e+02
2.204540e+02
2.204540e+02
2.204540e+02
2.204540e+02
2.204540e+02
2.204540e+02
2.204540e+02
2.204540e+02
2.204540e+02
2.204540e+02
2.204540e+02
2.204540e+02
2.204540e+02
2.204540e+02
2.204540e+02
2.204540e+02
2.204540e+02
2.204540e+02
2.204540e+02
2.204540e+02
2.204540e+02
2.204540e+02
2.204540e+02
2.204540e+02
2.204540e+02
2.204540e+02
2.204540e+02
2.204540e+02
2.204540e+02
2.204540e+02
2.204540e+02
2.204540e+02
2.204540e+02
2.204540e+02
2.204540e+02
2.204540e+02
2.204540e+02
2.204540e+02
2.204540e+02
2.204540e+02
2.204540e+02
2.204540e+02
2.204540e+02
2.204540e+02
2.204540e+02
2.204540e+02
2.204540e+02
2.204540e+02
2.204540e+02
2.204540e+02
2.204540e+02
2.204540e+02
2.204540e+02
2.204540e+02
2.204540e+02
2.204540e+02
2.204540e+02
2.204540e+02
2.204540e+02
2.204540e+02
2.204540e+02
2.204540e+02
2.204540e+02
2.204540e+02
2.204540e+02
2.204540e+02
2.204540e+02
2.204540e+02
2.204540e+02
2.204540e+02
2.204540e+02
2.204540e+02
2.204540e+02
2.204540e+02
2.204540e+02
2.204540e+02
2.204540e+02
2.204540e+02
2.204540e+02
2.204540e+02
2.198842e+02
2.198842e+02
2.198842e+02
2.198842e+02
2.198842e+02
2.191872e+02
2.191872e+02
2.191872e+02
2.191872e+02
2.191872e+02
2.191872e+02
2.191872e+02
2.191872e+02
2.191872e+02
2.191872e+02
2.191872e+02
2.191872e+02
2.191872e+02
2.191872e+02
2.191872e+02
2.191872e+02
2.191872e+02
2.191872e+02
2.191872e+02
2.191872e+02
2.191872e+02
2.191872e+02
2.191872e+02
2.191872e+02
2.191872e+02
2.171781e+02
2.171781e+02
2.171781e+02
2.171781e+02
2.171781e+02
2.171781e+02
2.171781e+02
9.360653e+02
9.210140e+02
8.389255e+02
8.389255e+02
8.389255e+02
8.389255e+02
8.389255e+02
8.317653e+02
8.317653e+02
8.317653e+02
8.306714e+02
7.779438e+02
7.779438e+02
7.779438e+02
7.779438e+02
7.779438e+02
7.779438e+02
7.779438e+02
7.779438e+02
7.779438e+02
7.779438e+02
7.779438e+02
7.779438e+02
7.779438e+02
7.747051e+02
7.593265e+02
7.593265e+02
7.593265e+02
7.593265e+02
7.593265e+02
7.593265e+02
7.593265e+02
7.593265e+02
7.593265e+02
7.593265e+02
7.593265e+02
7.593265e+02
7.593265e+02
7.593265e+02
7.593265e+02
7.593265e+02
7.593265e+02
7.593265e+02
7.593265e+02
7.593265e+02
7.593265e+02
7.593265e+02
7.593265e+02
7.593265e+02
7.593265e+02
7.593265e+02
7.593265e+02
7.593265e+02
7.593265e+02
7.593265e+02
7.593265e+02
7.593265e+02
7.593265e+02
7.593265e+02
7.593265e+02
7.593265e+02
7.593265e+02
7.593265e+02
7.593265e+02
7.593265e+02
7.593265e+02
7.593265e+02
7.593265e+02
7.593265e+02
7.593265e+02
7.593265e+02
7.593265e+02
7.593265e+02
7.593265e+02
7.593265e+02
7.593265e+02
7.593265e+02
7.593265e+02
7.464095e+02
7.464095e+02
7.464095e+02
7.464095e+02
7.464095e+02
7.234935e+02
7.234935e+02
7.116406e+02
7.116406e+02
7.116406e+02
7.116406e+02
7.057336e+02
7.057336e+02
7.057336e+02
7.057336e+02
7.057336e+02
7.057336e+02
7.057336e+02
7.057336e+02
7.057336e+02
7.057336e+02
7.057336e+02
7.057336e+02
7.057336e+02
7.057336e+02
7.057336e+02
7.057336e+02
7.057336e+02
7.057336e+02
7.057336e+02
7.057336e+02
7.057336e+02
7.057336e+02
7.057336e+02
7.057336e+02
7.057336e+02
7.057336e+02
7.057336e+02
7.057336e+02
7.057336e+02
7.057336e+02
7.057336e+02
7.057336e+02
7.057336e+02
7.057336e+02
7.057336e+02
7.010737e+02
7.010737e+02
7.010737e+02
7.010737e+02
7.010737e+02
7.010737e+02
7.010737e+02
7.010737e+02
7.010737e+02
7.010737e+02
7.010737e+02
6.975884e+02
6.975884e+02
6.975884e+02
6.975884e+02
6.975884e+02
6.975884e+02
6.975884e+02
6.682131e+02
6.682131e+02
6.682131e+02
6.682131e+02
6.682131e+02
6.682131e+02
6.682131e+02
6.682131e+02
6.682131e+02
6.682131e+02
6.682131e+02
6.682131e+02
6.682131e+02
6.682131e+02
6.682131e+02
6.682131e+02
6.682131e+02
6.682131e+02
6.682131e+02
6.682131e+02
6.682131e+02
6.682131e+02
6.682131e+02
6.448908e+02
6.448908e+02
6.448908e+02
6.448908e+02
6.448908e+02
6.448908e+02
6.448908e+02
6.448908e+02
6.448908e+02
6.448908e+02
6.448908e+02
6.448908e+02
6.448908e+02
6.448908e+02
6.448908e+02
6.448908e+02
6.448908e+02
6.448908e+02
6.448908e+02
6.448908e+02
6.448908e+02
6.185260e+02
6.185260e+02
6.185260e+02
6.185260e+02
6.185260e+02
6.185260e+02
6.185260e+02
6.185260e+02
6.185260e+02
6.185260e+02
6.185260e+02
6.185260e+02
6.185260e+02
6.185260e+02
6.185260e+02
6.185260e+02
6.185260e+02
6.185260e+02
6.185260e+02
6.175391e+02
6.175391e+02
6.175391e+02
6.175391e+02
6.175391e+02
6.175391e+02
6.175391e+02
6.175391e+02
6.175391e+02
6.175391e+02
6.175391e+02
6.175391e+02
6.175391e+02
6.175391e+02
6.175391e+02
6.175391e+02
6.175391e+02
6.175391e+02
6.175391e+02
6.175391e+02
6.175391e+02
6.175391e+02
6.175391e+02
6.175391e+02
6.175391e+02
6.175391e+02
6.175391e+02
6.175391e+02
6.175391e+02
6.175391e+02
6.175391e+02
6.175391e+02
6.175391e+02
6.175391e+02
6.175391e+02
6.065447e+02
6.065447e+02
6.065447e+02
6.065447e+02
6.065447e+02
6.065447e+02
6.065447e+02
6.065447e+02
6.065447e+02
6.065447e+02
6.065447e+02
6.065447e+02
6.065447e+02
6.065447e+02
6.065447e+02
6.065447e+02
6.065447e+02
6.065447e+02
6.065447e+02
6.065447e+02
6.065447e+02
6.065447e+02
6.065447e+02
6.065447e+02
6.065447e+02
6.065447e+02
6.065447e+02
6.065447e+02
6.065447e+02
6.065447e+02
6.065447e+02
6.065447e+02
6.065447e+02
6.065447e+02
6.065447e+02
6.065447e+02
6.065447e+02
6.065447e+02
6.065447e+02
6.065447e+02
6.065447e+02
6.065447e+02
6.065447e+02
6.065447e+02
6.065447e+02
6.065447e+02
6.065447e+02
5.901114e+02
5.901114e+02
5.901114e+02
5.901114e+02
5.901114e+02
5.901114e+02
5.901114e+02
5.901114e+02
5.901114e+02
5.901114e+02
5.901114e+02
5.901114e+02
5.901114e+02
5.901114e+02
5.901114e+02
5.901114e+02
5.901114e+02
5.901114e+02
5.901114e+02
5.901114e+02
5.901114e+02
5.901114e+02
5.901114e+02
5.901114e+02
5.901114e+02
5.901114e+02
5.901114e+02
5.901114e+02
5.901114e+02
5.901114e+02
5.901114e+02
5.901114e+02
5.901114e+02
5.901114e+02
5.901114e+02
5.901114e+02
5.901114e+02
5.901114e+02
5.901114e+02
5.901114e+02
5.901114e+02
5.901114e+02
5.901114e+02
5.901114e+02
5.901114e+02
5.901114e+02
5.891761e+02
5.891761e+02
5.891761e+02
5.891761e+02
5.891761e+02
5.891761e+02
5.891761e+02
5.891761e+02
5.891761e+02
5.891761e+02
5.891761e+02
5.891761e+02
5.891761e+02
5.793710e+02
5.793710e+02
5.793710e+02
5.793710e+02
5.793710e+02
5.793710e+02
5.793710e+02
5.793710e+02
5.793710e+02
5.793710e+02
5.793710e+02
5.793710e+02
5.793710e+02
5.793710e+02
5.793710e+02
5.793710e+02
5.793710e+02
5.793710e+02
5.793710e+02
5.793710e+02
5.793710e+02
5.793710e+02
5.793710e+02
5.793710e+02
5.793710e+02
5.793710e+02
5.793710e+02
5.793710e+02
5.793710e+02
5.793710e+02
5.793710e+02
5.793710e+02
5.793710e+02
5.793710e+02
5.793710e+02
5.793710e+02
5.793710e+02
5.793710e+02
5.793710e+02
5.793710e+02
5.793710e+02
5.793710e+02
5.793710e+02
5.793710e+02
5.793710e+02
5.793710e+02
5.793710e+02
5.793710e+02
5.793710e+02
5.793710e+02
5.793710e+02
5.793710e+02
5.793710e+02
5.793710e+02
5.793710e+02
5.793710e+02
5.793710e+02
5.793710e+02
5.793710e+02
5.793710e+02
5.793710e+02
5.793710e+02
5.793710e+02
5.793710e+02
5.793710e+02
5.793710e+02
5.793710e+02
5.793710e+02
5.793710e+02
5.793710e+02
5.793710e+02
5.793710e+02
5.793710e+02
5.793710e+02
5.793710e+02
5.793710e+02
5.793710e+02
5.793710e+02
5.793710e+02
5.793710e+02
5.793710e+02
5.793710e+02
5.793710e+02
5.793710e+02
5.793710e+02
5.793710e+02
5.793710e+02
5.793710e+02
5.793710e+02
5.793710e+02
5.793710e+02
5.793710e+02
5.793710e+02
5.793710e+02
5.793710e+02
5.793710e+02
5.793710e+02
5.793710e+02
5.793710e+02
5.793710e+02
5.793710e+02
5.793710e+02
5.793710e+02
5.793710e+02
5.793710e+02
5.793710e+02
5.793710e+02
5.793710e+02
5.793710e+02
5.793710e+02
5.793710e+02
5.793710e+02
5.793710e+02
5.793710e+02
5.793710e+02
5.793710e+02
5.793710e+02
5.793710e+02
5.793710e+02
5.793710e+02
5.793710e+02
5.793710e+02
5.793710e+02
5.793710e+02
5.793710e+02
5.793710e+02
5.793710e+02
5.793710e+02
5.793710e+02
5.793710e+02
5.793710e+02
5.793710e+02
5.787925e+02
5.596367e+02
5.596367e+02
5.596367e+02
5.596367e+02
5.596367e+02
5.596367e+02
5.596367e+02
5.596367e+02
5.596367e+02
5.596367e+02
5.596367e+02
5.596367e+02
5.596367e+02
5.596367e+02
5.596367e+02
5.596367e+02
5.596367e+02
5.596367e+02
5.596367e+02
5.596367e+02
5.596367e+02
5.596367e+02
5.596367e+02
5.596367e+02
5.596367e+02
5.596367e+02
5.596367e+02
5.596367e+02
5.596367e+02
5.596367e+02
5.596367e+02
5.596367e+02
5.596367e+02
5.596367e+02
5.596367e+02
5.596367e+02
5.596367e+02
5.596367e+02
5.587403e+02
5.587403e+02
5.587403e+02
5.587403e+02
5.587403e+02
5.587403e+02
5.587403e+02
5.587403e+02
5.587403e+02
5.546138e+02
5.546138e+02
5.546138e+02
5.546138e+02
5.546138e+02
5.546138e+02
5.546138e+02
5.546138e+02
5.546138e+02
5.546138e+02
5.546138e+02
5.546138e+02
5.380002e+02
5.380002e+02
5.380002e+02
5.380002e+02
5.380002e+02
5.380002e+02
5.380002e+02
5.380002e+02
5.380002e+02
5.380002e+02
5.380002e+02
5.380002e+02
5.380002e+02
5.380002e+02
5.380002e+02
5.380002e+02
5.380002e+02
5.380002e+02
5.380002e+02
5.380002e+02
5.380002e+02
5.380002e+02
5.380002e+02
5.380002e+02
5.380002e+02
5.380002e+02
5.380002e+02
5.380002e+02
5.380002e+02
5.380002e+02
5.380002e+02
5.380002e+02
5.380002e+02
5.380002e+02
5.380002e+02
5.380002e+02
5.380002e+02
5.380002e+02
5.380002e+02
5.380002e+02
5.380002e+02
5.380002e+02
5.380002e+02
5.380002e+02
5.380002e+02
5.380002e+02
5.380002e+02
5.380002e+02
5.380002e+02
5.380002e+02
5.380002e+02
5.380002e+02
5.380002e+02
5.380002e+02
5.380002e+02
5.380002e+02
5.380002e+02
5.380002e+02
5.380002e+02
5.380002e+02
5.380002e+02
5.380002e+02
5.380002e+02
5.380002e+02
5.380002e+02
5.380002e+02
5.380002e+02
5.380002e+02
5.380002e+02
5.380002e+02
5.380002e+02
5.380002e+02
5.380002e+02
5.380002e+02
5.380002e+02
5.380002e+02
5.380002e+02
5.380002e+02
5.380002e+02
5.380002e+02
5.380002e+02
5.380002e+02
5.330925e+02
5.330925e+02
5.330925e+02
5.330925e+02
5.330925e+02
5.330925e+02
5.330925e+02
5.330925e+02
5.330925e+02
5.330925e+02
5.330925e+02
5.330925e+02
5.330925e+02
5.330925e+02
5.330925e+02
5.330925e+02
5.330925e+02
5.330925e+02
5.330925e+02
5.330925e+02
5.330925e+02
5.330925e+02
5.330925e+02
5.330925e+02
5.330925e+02
5.330925e+02
5.330925e+02
5.330925e+02
5.330925e+02
5.330925e+02
5.330925e+02
5.330925e+02
5.330925e+02
5.330925e+02
5.330925e+02
5.330925e+02
5.330925e+02
5.330925e+02
5.330925e+02
5.330925e+02
5.330925e+02
5.330925e+02
5.330925e+02
5.330925e+02
5.330925e+02
5.330925e+02
5.330925e+02
5.330925e+02
5.330925e+02
5.330925e+02
5.330925e+02
5.330925e+02
5.330925e+02
5.171319e+02
5.171319e+02
5.171319e+02
5.171319e+02
5.171319e+02
5.171319e+02
5.171319e+02
5.171319e+02
5.171319e+02
5.171319e+02
5.171319e+02
5.171319e+02
5.165401e+02
5.165401e+02
5.165401e+02
5.165401e+02
5.165401e+02
5.165401e+02
5.165401e+02
5.165401e+02
5.165401e+02
5.165401e+02
5.165401e+02
5.165401e+02
5.165401e+02
5.165401e+02
5.165401e+02
5.165401e+02
5.165401e+02
5.165401e+02
5.165401e+02
5.165401e+02
5.165401e+02
5.165401e+02
5.165401e+02
5.165401e+02
5.165401e+02
5.165401e+02
5.165401e+02
5.165401e+02
5.165401e+02
5.165401e+02
5.165401e+02
5.165401e+02
5.165401e+02
5.165401e+02
5.165401e+02
5.165401e+02
5.165401e+02
5.165401e+02
5.165401e+02
5.165401e+02
5.165401e+02
5.165401e+02
5.165401e+02
5.165401e+02
5.165401e+02
5.165401e+02
5.165401e+02
5.165401e+02
5.165401e+02
5.165401e+02
5.165401e+02
5.165401e+02
5.165401e+02
5.165401e+02
5.165401e+02
5.165401e+02
5.165401e+02
5.165401e+02
5.165401e+02
5.165401e+02
5.165401e+02
5.165401e+02
5.165401e+02
5.165401e+02
5.165401e+02
5.135140e+02
5.135140e+02
5.135140e+02
5.135140e+02
5.135140e+02
5.135140e+02
5.135140e+02
5.135140e+02
5.135140e+02
5.135140e+02
5.135140e+02
5.135140e+02
5.135140e+02
5.135140e+02
5.135140e+02
5.135140e+02
5.135140e+02
5.135140e+02
5.135140e+02
5.135140e+02
5.135140e+02
5.135140e+02
5.135140e+02
5.135140e+02
5.135140e+02
5.135140e+02
5.135140e+02
5.135140e+02
5.135140e+02
5.135140e+02
5.135140e+02
5.135140e+02
5.135140e+02
5.135140e+02
5.135140e+02
5.135140e+02
5.135140e+02
5.135140e+02
5.135140e+02
5.135140e+02
5.135140e+02
5.135140e+02
5.135140e+02
5.135140e+02
5.135140e+02
5.135140e+02
5.135140e+02
5.135140e+02
5.135140e+02
5.135140e+02
5.135140e+02
5.135140e+02
5.135140e+02
5.135140e+02
5.135140e+02
5.135140e+02
5.135140e+02
5.135140e+02
5.135140e+02
5.135140e+02
5.135140e+02
5.135140e+02
5.135140e+02
5.135140e+02
5.135140e+02
5.135140e+02
5.052193e+02
5.052193e+02
5.052193e+02
5.052193e+02
5.052193e+02
5.052193e+02
5.052193e+02
5.052193e+02
5.052193e+02
5.052193e+02
5.052193e+02
5.052193e+02
5.052193e+02
5.052193e+02
5.052193e+02
5.052193e+02
5.052193e+02
5.052193e+02
5.052193e+02
5.052193e+02
5.052193e+02
5.052193e+02
5.052193e+02
5.052193e+02
5.052193e+02
5.052193e+02
5.052193e+02
5.052193e+02
5.052193e+02
5.052193e+02
5.052193e+02
5.052193e+02
5.052193e+02
5.052193e+02
5.052193e+02
5.052193e+02
5.052193e+02
5.052193e+02
5.052193e+02
5.052193e+02
5.052193e+02
5.052193e+02
5.052193e+02
5.052193e+02
5.052193e+02
5.052193e+02
5.052193e+02
5.052193e+02
5.052193e+02
5.037624e+02
5.037624e+02
5.037624e+02
4.873961e+02
4.865581e+02
4.865581e+02
4.865581e+02
4.865581e+02
4.865581e+02
4.865581e+02
4.865581e+02
4.812812e+02
4.812812e+02
4.812812e+02
4.812812e+02
4.812812e+02
4.796317e+02
4.796317e+02
4.796317e+02
4.796317e+02
4.796317e+02
4.796317e+02
4.796317e+02
4.796317e+02
4.796317e+02
4.796317e+02
4.796317e+02
4.796317e+02
4.796317e+02
4.796317e+02
4.796317e+02
4.796317e+02
4.796317e+02
4.796317e+02
4.796317e+02
4.796317e+02
4.796317e+02
4.796317e+02
4.796317e+02
4.796317e+02
4.796317e+02
4.796317e+02
4.796317e+02
4.796317e+02
4.796317e+02
4.796317e+02
4.796317e+02
4.796317e+02
4.796317e+02
4.796317e+02
4.796317e+02
4.738500e+02
4.738500e+02
4.738500e+02
4.738500e+02
4.738500e+02
4.738500e+02
4.738500e+02
4.738500e+02
4.738500e+02
4.738500e+02
4.738500e+02
4.738500e+02
4.738500e+02
4.738500e+02
4.738500e+02
4.738500e+02
4.738500e+02
4.648993e+02
4.648993e+02
4.648993e+02
4.648993e+02
4.648993e+02
4.648993e+02
4.648993e+02
4.648993e+02
4.648993e+02
4.648993e+02
4.648993e+02
4.648993e+02
4.648993e+02
4.648993e+02
4.629637e+02
4.629637e+02
4.629637e+02
4.629637e+02
4.629637e+02
4.629637e+02
4.629637e+02
4.629637e+02
4.629637e+02
4.629637e+02
4.629637e+02
4.629637e+02
4.629637e+02
4.629637e+02
4.629637e+02
4.629637e+02
4.629637e+02
4.629637e+02
4.629637e+02
4.629637e+02
4.629637e+02
4.619482e+02
4.619482e+02
4.619482e+02
4.619482e+02
4.619482e+02
4.619482e+02
4.619482e+02
4.619482e+02
4.619482e+02
4.619482e+02
4.619482e+02
4.619482e+02
4.619482e+02
4.619482e+02
4.619482e+02
4.619482e+02
4.619482e+02
4.619482e+02
4.619482e+02
4.619482e+02
4.619482e+02
4.619482e+02
4.619482e+02
4.619482e+02
4.619482e+02
4.619482e+02
4.619482e+02
4.619482e+02
4.619482e+02
4.619482e+02
4.619482e+02
4.619482e+02
4.619482e+02
4.619482e+02
4.619482e+02
4.619482e+02
4.619482e+02
4.619482e+02
4.619482e+02
4.619482e+02
4.619482e+02
4.619482e+02
4.619482e+02
4.619482e+02
4.619482e+02
4.619482e+02
4.619482e+02
4.619482e+02
4.619482e+02
4.604491e+02
4.604491e+02
4.604491e+02
4.604491e+02
4.604491e+02
4.604491e+02
4.604491e+02
4.604491e+02
4.604491e+02
4.604491e+02
4.604491e+02
4.604491e+02
4.604491e+02
4.604491e+02
4.604491e+02
4.604491e+02
4.604491e+02
4.604491e+02
4.604491e+02
4.604491e+02
4.604491e+02
4.604491e+02
4.604491e+02
4.604491e+02
4.604491e+02
4.604491e+02
4.604491e+02
4.604491e+02
4.604491e+02
4.604491e+02
4.604491e+02
4.604491e+02
4.604491e+02
4.604491e+02
4.604491e+02
4.604491e+02
4.604491e+02
4.604491e+02
4.574734e+02
4.574734e+02
4.574734e+02
4.574734e+02
4.574734e+02
4.574734e+02
4.574734e+02
4.574734e+02
4.574734e+02
4.574734e+02
4.574734e+02
4.574734e+02
4.574734e+02
4.574734e+02
4.574734e+02
4.574734e+02
4.574734e+02
4.574734e+02
4.574734e+02
4.574734e+02
4.574734e+02
4.574734e+02
4.574734e+02
4.574734e+02
4.574734e+02
4.519369e+02
4.519369e+02
4.519369e+02
4.519369e+02
4.519369e+02
4.519369e+02
4.519369e+02
4.519369e+02
4.519369e+02
4.519369e+02
4.519369e+02
4.515649e+02
4.515649e+02
4.515649e+02
4.515649e+02
4.515649e+02
4.515649e+02
4.515649e+02
4.515649e+02
4.515649e+02
4.515649e+02
4.515649e+02
4.515649e+02
4.515649e+02
4.515649e+02
4.515649e+02
4.515649e+02
4.515649e+02
4.515649e+02
4.515649e+02
4.515649e+02
4.515649e+02
4.515649e+02
4.515649e+02
4.515649e+02
4.515649e+02
4.515649e+02
4.515649e+02
4.515649e+02
4.515649e+02
4.515649e+02
4.515649e+02
4.515649e+02
4.515649e+02
4.515649e+02
4.515649e+02
4.515649e+02
4.515649e+02
4.515649e+02
4.515649e+02
4.515649e+02
4.515649e+02
4.515649e+02
4.515649e+02
4.515649e+02
4.515649e+02
4.515649e+02
4.515649e+02
4.515649e+02
4.515649e+02
4.515649e+02
4.515649e+02
4.515649e+02
4.515649e+02
4.515649e+02
4.515649e+02
4.515649e+02
4.515649e+02
4.515649e+02
4.515649e+02
4.200792e+02
4.200792e+02
4.200792e+02
4.200792e+02
4.200792e+02
4.200792e+02
4.200792e+02
4.200792e+02
4.200792e+02
4.200792e+02
4.200792e+02
4.200792e+02
4.200792e+02
4.200792e+02
4.200792e+02
4.200792e+02
4.200792e+02
4.200792e+02
4.200792e+02
4.200792e+02
4.200792e+02
4.200792e+02
4.200792e+02
4.200792e+02
4.200792e+02
4.200792e+02
4.200792e+02
4.200792e+02
4.200792e+02
4.200792e+02
4.200792e+02
4.200792e+02
4.200792e+02
4.200792e+02
4.200792e+02
4.200792e+02
4.200792e+02
4.200792e+02
4.200792e+02
4.200792e+02
4.200792e+02
4.200792e+02
4.200792e+02
4.200792e+02
4.200792e+02
4.200792e+02
4.200792e+02
4.200792e+02
4.200792e+02
4.200792e+02
4.200792e+02
4.200792e+02
4.200792e+02
4.200792e+02
4.200792e+02
4.200792e+02
4.200792e+02
4.200792e+02
4.200792e+02
4.200792e+02
4.200792e+02
4.200792e+02
4.200792e+02
4.200792e+02
4.200792e+02
4.200792e+02
4.200792e+02
4.200792e+02
4.200792e+02
4.200792e+02
4.200792e+02
4.200792e+02
4.200792e+02
4.200792e+02
4.200792e+02
4.200792e+02
4.200792e+02
4.200792e+02
4.200792e+02
4.200792e+02
4.200792e+02
4.200792e+02
4.200792e+02
4.200792e+02
4.200792e+02
4.200792e+02
4.200792e+02
4.200792e+02
4.200792e+02
4.200792e+02
4.200792e+02
4.200792e+02
4.200792e+02
4.200792e+02
4.200792e+02
4.200792e+02
4.200792e+02
4.200792e+02
4.200792e+02
4.200792e+02
4.200792e+02
4.200792e+02
4.200792e+02
4.200792e+02
4.200792e+02
4.200792e+02
4.200792e+02
4.200792e+02
4.200792e+02
4.200792e+02
4.200792e+02
4.200792e+02
4.200792e+02
4.200792e+02
4.200792e+02
4.200792e+02
4.200792e+02
4.200792e+02
4.200792e+02
4.200792e+02
4.200792e+02
4.200792e+02
4.200792e+02
4.200792e+02
4.200792e+02
4.200792e+02
4.200792e+02
4.200792e+02
4.200792e+02
4.200792e+02
4.200792e+02
4.200792e+02
4.200792e+02
4.200792e+02
4.200792e+02
4.200792e+02
4.200792e+02
4.200792e+02
4.200792e+02
4.200792e+02
4.200792e+02
4.200792e+02
4.200792e+02
4.200792e+02
4.200792e+02
4.200792e+02
4.200792e+02
4.200792e+02
4.200792e+02
4.200792e+02
4.200792e+02
4.200792e+02
4.200792e+02
4.200792e+02
4.200792e+02
4.200792e+02
4.200792e+02
4.200792e+02
4.200792e+02
4.200792e+02
4.200792e+02
4.200792e+02
4.200792e+02
4.200792e+02
4.200792e+02
4.200792e+02
4.200792e+02
4.200792e+02
4.200792e+02
4.200792e+02
4.200792e+02
4.200792e+02
4.200792e+02
4.200792e+02
4.200792e+02
4.200792e+02
4.200792e+02
4.200792e+02
4.200792e+02
4.200792e+02
4.200792e+02
4.200792e+02
4.200792e+02
4.200792e+02
4.200792e+02
4.200792e+02
4.200792e+02
4.200792e+02
4.200792e+02
4.200792e+02
4.200792e+02
4.200792e+02
4.200792e+02
4.200792e+02
4.200792e+02
4.200792e+02
4.200792e+02
4.200792e+02
4.200792e+02
4.200792e+02
4.200792e+02
4.200792e+02
4.200792e+02
4.200792e+02
4.200792e+02
4.200792e+02
4.200792e+02
4.200792e+02
4.200792e+02
4.200792e+02
4.200792e+02
4.200792e+02
4.200792e+02
4.200792e+02
4.200792e+02
4.200792e+02
4.200792e+02
4.200792e+02
4.200792e+02
4.200792e+02
4.200792e+02
4.200792e+02
4.200792e+02
4.200792e+02
4.200792e+02
4.194235e+02
4.194235e+02
4.194235e+02
4.194235e+02
4.194235e+02
4.194235e+02
4.194235e+02
4.194235e+02
4.194235e+02
4.194235e+02
4.194235e+02
4.194235e+02
4.194235e+02
4.194235e+02
4.194235e+02
4.194235e+02
4.194235e+02
4.194235e+02
4.194235e+02
4.194235e+02
4.194235e+02
4.194235e+02
4.194235e+02
4.194235e+02
4.194235e+02
4.194235e+02
4.194235e+02
4.194235e+02
4.194235e+02
4.194235e+02
4.194235e+02
4.194235e+02
4.194235e+02
4.194235e+02
4.194235e+02
4.194235e+02
4.194235e+02
4.194235e+02
4.194235e+02
4.194235e+02
4.194235e+02
4.194235e+02
4.194235e+02
4.194235e+02
4.194235e+02
4.194235e+02
4.194235e+02
4.194235e+02
4.194235e+02
4.194235e+02
4.194235e+02
4.194235e+02
4.194235e+02
4.194235e+02
4.194235e+02
4.194235e+02
4.194235e+02
4.194235e+02
4.194235e+02
4.194235e+02
4.194235e+02
4.194235e+02
4.194235e+02
4.194235e+02
4.194235e+02
4.194235e+02
4.194235e+02
4.194235e+02
4.194235e+02
4.194235e+02
4.194235e+02
4.194235e+02
4.194235e+02
4.194235e+02
4.194235e+02
4.194235e+02
4.194235e+02
4.194235e+02
4.194235e+02
4.194235e+02
4.194235e+02
4.194235e+02
4.194235e+02
4.194235e+02
4.194235e+02
4.194235e+02
4.194235e+02
4.194235e+02
4.194235e+02
4.194235e+02
4.194235e+02
4.194235e+02
4.194235e+02
4.194235e+02
4.194235e+02
4.194235e+02
4.194235e+02
4.194235e+02
4.194235e+02
4.194235e+02
4.194235e+02
4.194235e+02
4.194235e+02
4.194235e+02
4.194235e+02
4.194235e+02
4.194235e+02
4.194235e+02
4.194235e+02
4.194235e+02
4.194235e+02
4.194235e+02
4.194235e+02
4.194235e+02
4.194235e+02
4.194235e+02
4.194235e+02
4.194235e+02
4.194235e+02
4.194235e+02
4.194235e+02
4.194235e+02
4.194235e+02
4.194235e+02
4.194235e+02
4.194235e+02
4.194235e+02
4.194235e+02
4.194235e+02
4.194235e+02
4.194235e+02
4.194235e+02
4.194235e+02
4.194235e+02
4.194235e+02
4.194235e+02
4.194235e+02
4.194235e+02
4.194235e+02
4.194235e+02
4.194235e+02
4.194235e+02
4.194235e+02
4.194235e+02
4.194235e+02
4.194235e+02
4.194235e+02
4.194235e+02
4.143479e+02
4.115568e+02
4.115568e+02
4.115568e+02
4.115568e+02
4.115568e+02
4.115568e+02
4.115568e+02
4.115568e+02
4.115568e+02
4.115568e+02
4.115568e+02
4.115568e+02
4.115568e+02
4.115568e+02
4.115568e+02
4.115568e+02
4.115568e+02
4.115568e+02
4.115568e+02
4.115568e+02
4.115568e+02
4.115568e+02
4.115568e+02
4.115568e+02
4.115568e+02
4.115568e+02
4.115568e+02
4.115568e+02
4.115568e+02
4.115568e+02
4.115568e+02
4.115568e+02
4.115568e+02
4.115568e+02
4.115568e+02
4.115568e+02
4.115568e+02
4.115568e+02
4.115568e+02
4.115568e+02
4.115568e+02
4.115568e+02
4.115568e+02
4.115568e+02
4.115568e+02
4.115568e+02
4.115568e+02
4.115568e+02
4.115568e+02
4.115568e+02
4.115568e+02
4.115568e+02
4.115568e+02
4.115568e+02
4.115568e+02
4.115568e+02
4.115568e+02
4.115568e+02
4.115568e+02
4.115568e+02
4.115568e+02
4.115568e+02
4.115568e+02
4.115568e+02
4.115568e+02
4.115568e+02
4.115568e+02
4.115568e+02
4.115568e+02
4.115568e+02
4.115568e+02
4.115568e+02
4.115568e+02
4.115568e+02
4.115568e+02
4.115568e+02
4.115568e+02
4.115568e+02
4.115568e+02
4.115568e+02
4.115568e+02
4.115568e+02
4.115568e+02
4.115568e+02
4.115568e+02
4.115568e+02
4.115568e+02
4.115568e+02
4.115568e+02
4.115568e+02
4.115568e+02
4.115568e+02
4.115568e+02
4.115568e+02
4.115568e+02
4.115568e+02
4.115568e+02
4.115568e+02
4.115568e+02
4.115568e+02
4.115568e+02
4.115568e+02
4.115568e+02
4.115568e+02
4.115568e+02
4.115568e+02
4.115568e+02
4.115568e+02
4.115568e+02
4.115568e+02
4.115568e+02
4.115568e+02
4.115568e+02
4.115568e+02
4.115568e+02
4.115568e+02
4.115568e+02
4.115568e+02
4.115568e+02
4.115568e+02
4.115568e+02
4.115568e+02
4.115568e+02
4.115568e+02
4.115568e+02
4.115568e+02
4.115568e+02
4.115568e+02
4.115568e+02
4.115568e+02
4.115568e+02
4.115568e+02
4.115568e+02
4.115568e+02
4.115568e+02
4.115568e+02
4.115568e+02
4.115568e+02
4.115568e+02
4.115568e+02
4.115568e+02
4.115568e+02
4.115568e+02
4.115568e+02
4.115568e+02
4.115568e+02
4.115568e+02
4.115568e+02
4.115568e+02
4.115568e+02
4.115568e+02
4.115568e+02
4.115568e+02
4.115568e+02
4.115568e+02
4.115568e+02
4.115568e+02
4.115568e+02
4.115568e+02
4.115568e+02
4.115568e+02
4.115568e+02
4.115568e+02
4.115568e+02
4.115568e+02
4.115568e+02
4.115568e+02
4.115568e+02
4.115568e+02
4.115568e+02
4.115568e+02
4.115568e+02
4.115568e+02
4.115568e+02
4.115568e+02
4.115568e+02
4.115568e+02
4.115568e+02
4.115568e+02
4.115568e+02
4.115568e+02
4.115568e+02
4.115568e+02
4.115568e+02
4.115568e+02
4.115568e+02
4.115568e+02
4.115568e+02
4.115568e+02
4.115568e+02
4.115568e+02
4.115568e+02
4.115568e+02
4.115568e+02
4.115568e+02
4.115568e+02
4.115568e+02
4.115568e+02
4.115568e+02
4.115568e+02
4.115568e+02
4.115568e+02
4.115568e+02
4.115568e+02
4.115568e+02
4.115568e+02
4.115568e+02
4.115568e+02
4.115568e+02
4.115568e+02
4.115568e+02
4.115568e+02
4.115568e+02
4.115568e+02
4.115568e+02
4.115568e+02
4.115568e+02
4.115568e+02
4.115568e+02
4.115568e+02
4.115568e+02
4.115568e+02
4.115568e+02
4.115568e+02
4.115568e+02
4.115568e+02
4.115568e+02
4.115568e+02
4.115568e+02
4.115568e+02
4.115568e+02
4.115568e+02
4.115568e+02
4.115568e+02
4.115568e+02
4.115568e+02
4.115568e+02
4.115568e+02
4.115568e+02
4.115568e+02
4.115568e+02
4.115568e+02
4.115568e+02
4.115568e+02
4.115568e+02
4.115568e+02
4.115568e+02
4.115568e+02
4.115568e+02
4.115568e+02
4.115568e+02
4.115568e+02
4.115568e+02
4.115568e+02
4.115568e+02
4.115568e+02
4.115568e+02
4.115568e+02
4.115568e+02
4.115568e+02
4.115568e+02
4.115568e+02
4.115568e+02
4.115568e+02
4.115568e+02
4.115568e+02
4.115568e+02
4.115568e+02
4.115568e+02
4.115568e+02
4.115568e+02
4.115568e+02
4.115568e+02
4.115568e+02
4.115568e+02
4.115568e+02
4.115568e+02
4.115568e+02
4.115568e+02
4.115568e+02
4.115568e+02
4.115568e+02
4.115568e+02
4.115568e+02
4.070835e+02
4.070835e+02
4.070835e+02
4.070835e+02
4.070835e+02
4.070835e+02
4.070835e+02
4.070835e+02
4.070835e+02
4.070835e+02
4.070835e+02
4.070835e+02
4.070835e+02
4.070835e+02
4.070835e+02
4.070835e+02
4.070835e+02
4.070835e+02
4.070835e+02
4.070835e+02
4.070835e+02
4.070835e+02
4.070835e+02
4.070835e+02
4.070835e+02
4.070835e+02
4.070835e+02
4.070835e+02
4.070835e+02
4.070835e+02
4.070835e+02
4.070835e+02
4.070835e+02
4.070835e+02
4.070835e+02
4.070835e+02
4.070835e+02
4.070835e+02
4.070835e+02
4.070835e+02
4.070835e+02
4.070835e+02
4.070835e+02
4.070835e+02
4.070835e+02
4.070835e+02
4.070835e+02
4.070835e+02
4.070835e+02
4.070835e+02
4.070835e+02
4.070835e+02
4.070835e+02
4.070835e+02
4.070835e+02
4.070835e+02
4.070835e+02
4.070835e+02
4.070835e+02
4.070835e+02
4.070835e+02
4.070835e+02
4.070835e+02
4.070835e+02
4.070835e+02
4.070835e+02
4.070835e+02
4.070835e+02
4.070835e+02
4.070835e+02
4.070835e+02
4.070835e+02
4.070835e+02
4.070835e+02
4.070835e+02
4.070835e+02
4.070835e+02
4.070835e+02
4.070835e+02
4.069327e+02
4.069327e+02
4.069327e+02
4.069327e+02
4.069327e+02
4.069327e+02
4.069327e+02
4.069327e+02
4.069327e+02
4.069327e+02
4.069327e+02
4.069327e+02
4.069327e+02
4.069327e+02
4.069327e+02
4.069327e+02
4.069327e+02
4.069327e+02
4.069327e+02
4.069327e+02
4.069327e+02
4.069327e+02
3.982031e+02
3.982031e+02
3.982031e+02
3.982031e+02
3.982031e+02
3.982031e+02
3.982031e+02
3.982031e+02
3.982031e+02
3.982031e+02
3.982031e+02
3.982031e+02
3.982031e+02
3.982031e+02
3.982031e+02
3.982031e+02
3.982031e+02
3.982031e+02
3.982031e+02
3.982031e+02
3.982031e+02
3.982031e+02
3.982031e+02
3.982031e+02
3.982031e+02
3.982031e+02
3.982031e+02
3.982031e+02
3.982031e+02
3.982031e+02
3.982031e+02
3.982031e+02
3.982031e+02
3.982031e+02
3.982031e+02
3.982031e+02
3.982031e+02
3.982031e+02
3.982031e+02
3.982031e+02
3.982031e+02
3.982031e+02
3.982031e+02
3.982031e+02
3.982031e+02
3.982031e+02
3.982031e+02
3.982031e+02
3.982031e+02
3.982031e+02
3.982031e+02
3.982031e+02
3.982031e+02
3.982031e+02
3.953415e+02
3.953415e+02
3.953415e+02
3.953415e+02
3.953415e+02
3.953415e+02
3.953415e+02
3.953415e+02
3.953415e+02
3.953415e+02
3.953415e+02
3.953415e+02
3.953415e+02
3.953415e+02
3.953415e+02
3.953415e+02
3.953415e+02
3.953415e+02
3.953415e+02
3.953415e+02
3.953415e+02
3.953415e+02
3.953415e+02
3.953415e+02
3.953415e+02
3.953415e+02
3.953415e+02
3.953415e+02
3.953415e+02
3.953415e+02
3.953415e+02
3.953415e+02
3.953415e+02
3.953415e+02
3.953415e+02
3.953415e+02
3.953415e+02
